# Density Distribution Data
# NodeID, X, Y, Z, Density
1, 0.000000, 0.000000, 0.000000, 0.992073
2, 100.000000, 0.000000, 0.000000, 0.100088
3, 100.000000, 10.000000, 0.000000, 0.142758
4, 0.000000, 10.000000, 0.000000, 0.906719
5, 0.000000, 0.000000, 10.000000, 0.957959
6, 100.000000, 0.000000, 10.000000, 0.145991
7, 100.000000, 10.000000, 10.000000, 0.102593
8, 0.000000, 10.000000, 10.000000, 0.901181
9, 2.000000, 0.000000, 0.000000, 0.941036
10, 4.000000, 0.000000, 0.000000, 0.878491
11, 6.000000, 0.000000, 0.000000, 0.901180
12, 8.000000, 0.000000, 0.000000, 0.896526
13, 10.000000, 0.000000, 0.000000, 0.969674
14, 12.000000, 0.000000, 0.000000, 0.856304
15, 14.000000, 0.000000, 0.000000, 0.894158
16, 16.000000, 0.000000, 0.000000, 0.892775
17, 18.000000, 0.000000, 0.000000, 0.796306
18, 20.000000, 0.000000, 0.000000, 0.793530
19, 22.000000, 0.000000, 0.000000, 0.742913
20, 24.000000, 0.000000, 0.000000, 0.783688
21, 26.000000, 0.000000, 0.000000, 0.793315
22, 28.000000, 0.000000, 0.000000, 0.706575
23, 30.000000, 0.000000, 0.000000, 0.728682
24, 32.000000, 0.000000, 0.000000, 0.624157
25, 34.000000, 0.000000, 0.000000, 0.623850
26, 36.000000, 0.000000, 0.000000, 0.640858
27, 38.000000, 0.000000, 0.000000, 0.660076
28, 40.000000, 0.000000, 0.000000, 0.627894
29, 42.000000, 0.000000, 0.000000, 0.647083
30, 44.000000, 0.000000, 0.000000, 0.579933
31, 46.000000, 0.000000, 0.000000, 0.577998
32, 48.000000, 0.000000, 0.000000, 0.564101
33, 50.000000, 0.000000, 0.000000, 0.604032
34, 52.000000, 0.000000, 0.000000, 0.501521
35, 54.000000, 0.000000, 0.000000, 0.569879
36, 56.000000, 0.000000, 0.000000, 0.478734
37, 58.000000, 0.000000, 0.000000, 0.440282
38, 60.000000, 0.000000, 0.000000, 0.520076
39, 62.000000, 0.000000, 0.000000, 0.418826
40, 64.000000, 0.000000, 0.000000, 0.449921
41, 66.000000, 0.000000, 0.000000, 0.249813
42, 68.000000, 0.000000, 0.000000, 0.405643
43, 70.000000, 0.000000, 0.000000, 0.416362
44, 72.000000, 0.000000, 0.000000, 0.338322
45, 74.000000, 0.000000, 0.000000, 0.366592
46, 76.000000, 0.000000, 0.000000, 0.337934
47, 78.000000, 0.000000, 0.000000, 0.303318
48, 80.000000, 0.000000, 0.000000, 0.321553
49, 82.000000, 0.000000, 0.000000, 0.241398
50, 84.000000, 0.000000, 0.000000, 0.180171
51, 86.000000, 0.000000, 0.000000, 0.121097
52, 88.000000, 0.000000, 0.000000, 0.167987
53, 90.000000, 0.000000, 0.000000, 0.165927
54, 92.000000, 0.000000, 0.000000, 0.128981
55, 94.000000, 0.000000, 0.000000, 0.108626
56, 96.000000, 0.000000, 0.000000, 0.100352
57, 98.000000, 0.000000, 0.000000, 0.147706
58, 100.000000, 2.000000, 0.000000, 0.032101
59, 100.000000, 4.000000, 0.000000, 0.038509
60, 100.000000, 6.000000, 0.000000, 0.146396
61, 100.000000, 8.000000, 0.000000, 0.149756
62, 98.000000, 10.000000, 0.000000, 0.190093
63, 96.000000, 10.000000, 0.000000, 0.200152
64, 94.000000, 10.000000, 0.000000, 0.156611
65, 92.000000, 10.000000, 0.000000, 0.158164
66, 90.000000, 10.000000, 0.000000, 0.101188
67, 88.000000, 10.000000, 0.000000, 0.206095
68, 86.000000, 10.000000, 0.000000, 0.309347
69, 84.000000, 10.000000, 0.000000, 0.321414
70, 82.000000, 10.000000, 0.000000, 0.267989
71, 80.000000, 10.000000, 0.000000, 0.264822
72, 78.000000, 10.000000, 0.000000, 0.203089
73, 76.000000, 10.000000, 0.000000, 0.269891
74, 74.000000, 10.000000, 0.000000, 0.397040
75, 72.000000, 10.000000, 0.000000, 0.275079
76, 70.000000, 10.000000, 0.000000, 0.337409
77, 68.000000, 10.000000, 0.000000, 0.284241
78, 66.000000, 10.000000, 0.000000, 0.458079
79, 64.000000, 10.000000, 0.000000, 0.446881
80, 62.000000, 10.000000, 0.000000, 0.531968
81, 60.000000, 10.000000, 0.000000, 0.433029
82, 58.000000, 10.000000, 0.000000, 0.366044
83, 56.000000, 10.000000, 0.000000, 0.501528
84, 54.000000, 10.000000, 0.000000, 0.572168
85, 52.000000, 10.000000, 0.000000, 0.518186
86, 50.000000, 10.000000, 0.000000, 0.587142
87, 48.000000, 10.000000, 0.000000, 0.536388
88, 46.000000, 10.000000, 0.000000, 0.582000
89, 44.000000, 10.000000, 0.000000, 0.606370
90, 42.000000, 10.000000, 0.000000, 0.662065
91, 40.000000, 10.000000, 0.000000, 0.567298
92, 38.000000, 10.000000, 0.000000, 0.645479
93, 36.000000, 10.000000, 0.000000, 0.702474
94, 34.000000, 10.000000, 0.000000, 0.697270
95, 32.000000, 10.000000, 0.000000, 0.595204
96, 30.000000, 10.000000, 0.000000, 0.839623
97, 28.000000, 10.000000, 0.000000, 0.741025
98, 26.000000, 10.000000, 0.000000, 0.761979
99, 24.000000, 10.000000, 0.000000, 0.774186
100, 22.000000, 10.000000, 0.000000, 0.852190
101, 20.000000, 10.000000, 0.000000, 0.786167
102, 18.000000, 10.000000, 0.000000, 0.925415
103, 16.000000, 10.000000, 0.000000, 0.876129
104, 14.000000, 10.000000, 0.000000, 0.733727
105, 12.000000, 10.000000, 0.000000, 0.992141
106, 10.000000, 10.000000, 0.000000, 0.880468
107, 8.000000, 10.000000, 0.000000, 0.864722
108, 6.000000, 10.000000, 0.000000, 0.866368
109, 4.000000, 10.000000, 0.000000, 0.994967
110, 2.000000, 10.000000, 0.000000, 1.000000
111, 0.000000, 8.000000, 0.000000, 0.959609
112, 0.000000, 6.000000, 0.000000, 1.000000
113, 0.000000, 4.000000, 0.000000, 1.000000
114, 0.000000, 2.000000, 0.000000, 1.000000
115, 2.000000, 0.000000, 10.000000, 0.892830
116, 4.000000, 0.000000, 10.000000, 1.000000
117, 6.000000, 0.000000, 10.000000, 1.000000
118, 8.000000, 0.000000, 10.000000, 0.844810
119, 10.000000, 0.000000, 10.000000, 0.893281
120, 12.000000, 0.000000, 10.000000, 0.876294
121, 14.000000, 0.000000, 10.000000, 0.944344
122, 16.000000, 0.000000, 10.000000, 0.840778
123, 18.000000, 0.000000, 10.000000, 0.703319
124, 20.000000, 0.000000, 10.000000, 0.808403
125, 22.000000, 0.000000, 10.000000, 0.738934
126, 24.000000, 0.000000, 10.000000, 0.825791
127, 26.000000, 0.000000, 10.000000, 0.811630
128, 28.000000, 0.000000, 10.000000, 0.722472
129, 30.000000, 0.000000, 10.000000, 0.796873
130, 32.000000, 0.000000, 10.000000, 0.639503
131, 34.000000, 0.000000, 10.000000, 0.596830
132, 36.000000, 0.000000, 10.000000, 0.760609
133, 38.000000, 0.000000, 10.000000, 0.599503
134, 40.000000, 0.000000, 10.000000, 0.689160
135, 42.000000, 0.000000, 10.000000, 0.563705
136, 44.000000, 0.000000, 10.000000, 0.544560
137, 46.000000, 0.000000, 10.000000, 0.599924
138, 48.000000, 0.000000, 10.000000, 0.488298
139, 50.000000, 0.000000, 10.000000, 0.514400
140, 52.000000, 0.000000, 10.000000, 0.483733
141, 54.000000, 0.000000, 10.000000, 0.453460
142, 56.000000, 0.000000, 10.000000, 0.515780
143, 58.000000, 0.000000, 10.000000, 0.465566
144, 60.000000, 0.000000, 10.000000, 0.483364
145, 62.000000, 0.000000, 10.000000, 0.427297
146, 64.000000, 0.000000, 10.000000, 0.398668
147, 66.000000, 0.000000, 10.000000, 0.392857
148, 68.000000, 0.000000, 10.000000, 0.323612
149, 70.000000, 0.000000, 10.000000, 0.345869
150, 72.000000, 0.000000, 10.000000, 0.355555
151, 74.000000, 0.000000, 10.000000, 0.312666
152, 76.000000, 0.000000, 10.000000, 0.404412
153, 78.000000, 0.000000, 10.000000, 0.186966
154, 80.000000, 0.000000, 10.000000, 0.229341
155, 82.000000, 0.000000, 10.000000, 0.213952
156, 84.000000, 0.000000, 10.000000, 0.171929
157, 86.000000, 0.000000, 10.000000, 0.280344
158, 88.000000, 0.000000, 10.000000, 0.252061
159, 90.000000, 0.000000, 10.000000, 0.068794
160, 92.000000, 0.000000, 10.000000, 0.090968
161, 94.000000, 0.000000, 10.000000, 0.168022
162, 96.000000, 0.000000, 10.000000, 0.221766
163, 98.000000, 0.000000, 10.000000, 0.128108
164, 100.000000, 2.000000, 10.000000, 0.054240
165, 100.000000, 4.000000, 10.000000, 0.076762
166, 100.000000, 6.000000, 10.000000, 0.001000
167, 100.000000, 8.000000, 10.000000, 0.089579
168, 98.000000, 10.000000, 10.000000, 0.093547
169, 96.000000, 10.000000, 10.000000, 0.099317
170, 94.000000, 10.000000, 10.000000, 0.145896
171, 92.000000, 10.000000, 10.000000, 0.154113
172, 90.000000, 10.000000, 10.000000, 0.228076
173, 88.000000, 10.000000, 10.000000, 0.133614
174, 86.000000, 10.000000, 10.000000, 0.181464
175, 84.000000, 10.000000, 10.000000, 0.273041
176, 82.000000, 10.000000, 10.000000, 0.276306
177, 80.000000, 10.000000, 10.000000, 0.312116
178, 78.000000, 10.000000, 10.000000, 0.282857
179, 76.000000, 10.000000, 10.000000, 0.330962
180, 74.000000, 10.000000, 10.000000, 0.405789
181, 72.000000, 10.000000, 10.000000, 0.419054
182, 70.000000, 10.000000, 10.000000, 0.477966
183, 68.000000, 10.000000, 10.000000, 0.287782
184, 66.000000, 10.000000, 10.000000, 0.332701
185, 64.000000, 10.000000, 10.000000, 0.316750
186, 62.000000, 10.000000, 10.000000, 0.442038
187, 60.000000, 10.000000, 10.000000, 0.492055
188, 58.000000, 10.000000, 10.000000, 0.512743
189, 56.000000, 10.000000, 10.000000, 0.449650
190, 54.000000, 10.000000, 10.000000, 0.508776
191, 52.000000, 10.000000, 10.000000, 0.549473
192, 50.000000, 10.000000, 10.000000, 0.535777
193, 48.000000, 10.000000, 10.000000, 0.490848
194, 46.000000, 10.000000, 10.000000, 0.589427
195, 44.000000, 10.000000, 10.000000, 0.619519
196, 42.000000, 10.000000, 10.000000, 0.616811
197, 40.000000, 10.000000, 10.000000, 0.691389
198, 38.000000, 10.000000, 10.000000, 0.659563
199, 36.000000, 10.000000, 10.000000, 0.677163
200, 34.000000, 10.000000, 10.000000, 0.747872
201, 32.000000, 10.000000, 10.000000, 0.634087
202, 30.000000, 10.000000, 10.000000, 0.713594
203, 28.000000, 10.000000, 10.000000, 0.795088
204, 26.000000, 10.000000, 10.000000, 0.734470
205, 24.000000, 10.000000, 10.000000, 0.761811
206, 22.000000, 10.000000, 10.000000, 0.790751
207, 20.000000, 10.000000, 10.000000, 0.786410
208, 18.000000, 10.000000, 10.000000, 0.782257
209, 16.000000, 10.000000, 10.000000, 0.927392
210, 14.000000, 10.000000, 10.000000, 0.921608
211, 12.000000, 10.000000, 10.000000, 0.967345
212, 10.000000, 10.000000, 10.000000, 0.859273
213, 8.000000, 10.000000, 10.000000, 0.972857
214, 6.000000, 10.000000, 10.000000, 0.928990
215, 4.000000, 10.000000, 10.000000, 0.989932
216, 2.000000, 10.000000, 10.000000, 0.948695
217, 0.000000, 8.000000, 10.000000, 0.947440
218, 0.000000, 6.000000, 10.000000, 1.000000
219, 0.000000, 4.000000, 10.000000, 0.890118
220, 0.000000, 2.000000, 10.000000, 0.969676
221, 0.000000, 0.000000, 2.000000, 1.000000
222, 0.000000, 0.000000, 4.000000, 0.951260
223, 0.000000, 0.000000, 6.000000, 1.000000
224, 0.000000, 0.000000, 8.000000, 0.987912
225, 100.000000, 0.000000, 2.000000, 0.064784
226, 100.000000, 0.000000, 4.000000, 0.110025
227, 100.000000, 0.000000, 6.000000, 0.013929
228, 100.000000, 0.000000, 8.000000, 0.104831
229, 100.000000, 10.000000, 2.000000, 0.156333
230, 100.000000, 10.000000, 4.000000, 0.139809
231, 100.000000, 10.000000, 6.000000, 0.169724
232, 100.000000, 10.000000, 8.000000, 0.168812
233, 0.000000, 10.000000, 2.000000, 1.000000
234, 0.000000, 10.000000, 4.000000, 1.000000
235, 0.000000, 10.000000, 6.000000, 1.000000
236, 0.000000, 10.000000, 8.000000, 0.930246
237, 5.000000, 8.267949, 0.000000, 0.958768
238, 9.000000, 1.732051, 0.000000, 0.882852
239, 13.000000, 1.732051, 0.000000, 0.940852
240, 17.000000, 1.732051, 0.000000, 0.888025
241, 21.000000, 1.732051, 0.000000, 0.868892
242, 25.000000, 1.732051, 0.000000, 0.800867
243, 29.000000, 1.732051, 0.000000, 0.735497
244, 33.000000, 1.732051, 0.000000, 0.710386
245, 37.000000, 1.732051, 0.000000, 0.730518
246, 41.000000, 1.732051, 0.000000, 0.596382
247, 45.000000, 1.732051, 0.000000, 0.553399
248, 49.000000, 1.732051, 0.000000, 0.496194
249, 53.000000, 1.732051, 0.000000, 0.550233
250, 57.000000, 1.732051, 0.000000, 0.472556
251, 61.000000, 1.732051, 0.000000, 0.459200
252, 65.000000, 1.732051, 0.000000, 0.413581
253, 69.000000, 1.732051, 0.000000, 0.380715
254, 73.000000, 1.732051, 0.000000, 0.318500
255, 77.000000, 1.732051, 0.000000, 0.268420
256, 81.000000, 1.732051, 0.000000, 0.247545
257, 85.002141, 1.631455, 0.000000, 0.275866
258, 89.225465, 1.890459, 0.000000, 0.178015
259, 93.030770, 1.813188, 0.000000, 0.140981
260, 95.173451, 8.207408, 0.000000, 0.135066
261, 90.936806, 8.304434, 0.000000, 0.103632
262, 87.000000, 8.347685, 0.000000, 0.203559
263, 83.026301, 8.316209, 0.000000, 0.224926
264, 79.000000, 8.267949, 0.000000, 0.273225
265, 75.000000, 8.267949, 0.000000, 0.390395
266, 71.000000, 8.267949, 0.000000, 0.259169
267, 67.000000, 8.267949, 0.000000, 0.430378
268, 63.000000, 8.267949, 0.000000, 0.363494
269, 59.000000, 8.267949, 0.000000, 0.387580
270, 55.000000, 8.267949, 0.000000, 0.477933
271, 51.000000, 8.267949, 0.000000, 0.521027
272, 47.000000, 8.267949, 0.000000, 0.596043
273, 43.000000, 8.267949, 0.000000, 0.673252
274, 39.000000, 8.267949, 0.000000, 0.654359
275, 35.000000, 8.267949, 0.000000, 0.726954
276, 31.000000, 8.267949, 0.000000, 0.753375
277, 27.000000, 8.267949, 0.000000, 0.677132
278, 23.000000, 8.267949, 0.000000, 0.771855
279, 19.000000, 8.267949, 0.000000, 0.819905
280, 15.000000, 8.267949, 0.000000, 0.866329
281, 11.000000, 8.267949, 0.000000, 0.860157
282, 5.116676, 1.664688, 0.000000, 0.960536
283, 1.732051, 5.000000, 0.000000, 0.987324
284, 98.277387, 5.016346, 0.000000, 0.160615
285, 96.816349, 1.811394, 0.000000, 0.077945
286, 98.307029, 6.992518, 0.000000, 0.049681
287, 96.371775, 6.313253, 0.000000, 0.087950
288, 96.535898, 4.000000, 0.000000, 0.137851
289, 94.803848, 5.000000, 0.000000, 0.114498
290, 94.876444, 2.994055, 0.000000, 0.126576
291, 93.077058, 3.967874, 0.000000, 0.227067
292, 93.071797, 6.000000, 0.000000, 0.020109
293, 91.369189, 5.011218, 0.000000, 0.115449
294, 91.218363, 3.005885, 0.000000, 0.188018
295, 89.607695, 4.000000, 0.000000, 0.166002
296, 87.674122, 3.406795, 0.000000, 0.269588
297, 87.998145, 5.317599, 0.000000, 0.119609
298, 86.121157, 4.617281, 0.000000, 0.211580
299, 7.019446, 1.720824, 0.000000, 0.924593
300, 8.003241, 3.462230, 0.000000, 0.940509
301, 10.000540, 3.463790, 0.000000, 0.967889
302, 9.000630, 5.163039, 0.000000, 0.910836
303, 6.840771, 5.059961, 0.000000, 0.963775
304, 11.000051, 5.177667, 0.000000, 0.836672
305, 7.873770, 6.669530, 0.000000, 0.943121
306, 12.000098, 3.460969, 0.000000, 0.917519
307, 13.000006, 5.178195, 0.000000, 0.835430
308, 14.000017, 3.460586, 0.000000, 0.924404
309, 15.000000, 5.196152, 0.000000, 0.735066
310, 16.000003, 3.463516, 0.000000, 0.904895
311, 17.000000, 5.196152, 0.000000, 0.843818
312, 18.000000, 3.464004, 0.000000, 0.840077
313, 19.000000, 5.196152, 0.000000, 0.831072
314, 20.000000, 3.464085, 0.000000, 0.799456
315, 21.000000, 5.196152, 0.000000, 0.878348
316, 22.000000, 3.464099, 0.000000, 0.807452
317, 23.000000, 5.196152, 0.000000, 0.791154
318, 24.000000, 3.464101, 0.000000, 0.816905
319, 25.000000, 5.196152, 0.000000, 0.732742
320, 26.000000, 3.464102, 0.000000, 0.753995
321, 27.000000, 5.196152, 0.000000, 0.682270
322, 28.000000, 3.464102, 0.000000, 0.788421
323, 29.000000, 5.196152, 0.000000, 0.771958
324, 30.000000, 3.464102, 0.000000, 0.706933
325, 31.000000, 5.196152, 0.000000, 0.837391
326, 32.000000, 3.464102, 0.000000, 0.698421
327, 33.000000, 5.196152, 0.000000, 0.666056
328, 34.000000, 3.464102, 0.000000, 0.690614
329, 35.000000, 5.196152, 0.000000, 0.690113
330, 36.000000, 3.464102, 0.000000, 0.749490
331, 37.000000, 5.196152, 0.000000, 0.680703
332, 38.000000, 3.464102, 0.000000, 0.645811
333, 39.000000, 5.196152, 0.000000, 0.688578
334, 40.000000, 3.464102, 0.000000, 0.685902
335, 41.000000, 5.196152, 0.000000, 0.666239
336, 42.000000, 3.464102, 0.000000, 0.562030
337, 43.000000, 5.196152, 0.000000, 0.638893
338, 44.000000, 3.464102, 0.000000, 0.585098
339, 45.000000, 5.196152, 0.000000, 0.558186
340, 46.000000, 3.464102, 0.000000, 0.576141
341, 47.000000, 5.196152, 0.000000, 0.541175
342, 48.000000, 3.464102, 0.000000, 0.524137
343, 49.000000, 5.196152, 0.000000, 0.599429
344, 50.000000, 3.464102, 0.000000, 0.618138
345, 51.000000, 5.196152, 0.000000, 0.475280
346, 52.000000, 3.464102, 0.000000, 0.505690
347, 53.000000, 5.196152, 0.000000, 0.511892
348, 54.000000, 3.464102, 0.000000, 0.515621
349, 55.000000, 5.196152, 0.000000, 0.417159
350, 56.000000, 3.464102, 0.000000, 0.577128
351, 57.000000, 5.196152, 0.000000, 0.647467
352, 58.000000, 3.464102, 0.000000, 0.466431
353, 59.000000, 5.196152, 0.000000, 0.471468
354, 60.000000, 3.464102, 0.000000, 0.414992
355, 61.000000, 5.196152, 0.000000, 0.488451
356, 62.000000, 3.464102, 0.000000, 0.515731
357, 63.000000, 5.196152, 0.000000, 0.403597
358, 64.000000, 3.464102, 0.000000, 0.444970
359, 65.000000, 5.196152, 0.000000, 0.410202
360, 66.000000, 3.464102, 0.000000, 0.449690
361, 67.000000, 5.196152, 0.000000, 0.430699
362, 68.000000, 3.464102, 0.000000, 0.327623
363, 69.000000, 5.196152, 0.000000, 0.426768
364, 70.000000, 3.464102, 0.000000, 0.340453
365, 71.000000, 5.196152, 0.000000, 0.473466
366, 72.000000, 3.464102, 0.000000, 0.307118
367, 73.000000, 5.196152, 0.000000, 0.305492
368, 74.000000, 3.464102, 0.000000, 0.194641
369, 75.000000, 5.196152, 0.000000, 0.305499
370, 76.000000, 3.464102, 0.000000, 0.379982
371, 77.000000, 5.196152, 0.000000, 0.363829
372, 78.000000, 3.464102, 0.000000, 0.311443
373, 79.000000, 5.196152, 0.000000, 0.392038
374, 80.000000, 3.464102, 0.000000, 0.216640
375, 81.000000, 5.196152, 0.000000, 0.222473
376, 82.000000, 3.464102, 0.000000, 0.135115
377, 82.959660, 5.095567, 0.000000, 0.226481
378, 84.242281, 3.522055, 0.000000, 0.303648
379, 93.057968, 7.988368, 0.000000, 0.226100
380, 88.989468, 8.356072, 0.000000, 0.261618
381, 89.788877, 6.384649, 0.000000, 0.197262
382, 85.030684, 8.315834, 0.000000, 0.280611
383, 81.001597, 8.294708, 0.000000, 0.185019
384, 77.000000, 8.267949, 0.000000, 0.349507
385, 73.000000, 8.267949, 0.000000, 0.309811
386, 69.000000, 8.267949, 0.000000, 0.378471
387, 65.000000, 8.267949, 0.000000, 0.452909
388, 61.000000, 8.267949, 0.000000, 0.505502
389, 57.000000, 8.267949, 0.000000, 0.440634
390, 53.000000, 8.267949, 0.000000, 0.531472
391, 49.000000, 8.267949, 0.000000, 0.614539
392, 45.000000, 8.267949, 0.000000, 0.612273
393, 41.000000, 8.267949, 0.000000, 0.626618
394, 37.000000, 8.267949, 0.000000, 0.644162
395, 33.000000, 8.267949, 0.000000, 0.661066
396, 29.000000, 8.267949, 0.000000, 0.750616
397, 25.000000, 8.267949, 0.000000, 0.782010
398, 21.000000, 8.267949, 0.000000, 0.828288
399, 17.000000, 8.267949, 0.000000, 0.798148
400, 13.000000, 8.267949, 0.000000, 1.000000
401, 11.000106, 1.731477, 0.000000, 0.908720
402, 15.000003, 1.731367, 0.000000, 0.867858
403, 19.000000, 1.732032, 0.000000, 0.894696
404, 23.000000, 1.732050, 0.000000, 0.816947
405, 27.000000, 1.732051, 0.000000, 0.689090
406, 31.000000, 1.732051, 0.000000, 0.743739
407, 35.000000, 1.732051, 0.000000, 0.617884
408, 39.000000, 1.732051, 0.000000, 0.643376
409, 43.000000, 1.732051, 0.000000, 0.721110
410, 47.000000, 1.732051, 0.000000, 0.504348
411, 51.000000, 1.732051, 0.000000, 0.551685
412, 55.000000, 1.732051, 0.000000, 0.447137
413, 59.000000, 1.732051, 0.000000, 0.470134
414, 63.000000, 1.732051, 0.000000, 0.437869
415, 67.000000, 1.732051, 0.000000, 0.454310
416, 71.000000, 1.732051, 0.000000, 0.358324
417, 75.000000, 1.732051, 0.000000, 0.337069
418, 79.000000, 1.732051, 0.000000, 0.272669
419, 83.040737, 1.724944, 0.000000, 0.263771
420, 1.693544, 3.008475, 0.000000, 0.952157
421, 3.204881, 3.966742, 0.000000, 0.955408
422, 3.521153, 6.194026, 0.000000, 1.000000
423, 1.697009, 7.003310, 0.000000, 0.920239
424, 6.000000, 3.464102, 0.000000, 0.960440
425, 86.129707, 6.466258, 0.000000, 0.186351
426, 3.138347, 1.827729, 0.000000, 0.967660
427, 98.350537, 3.062765, 0.000000, 0.232276
428, 97.018187, 8.336673, 0.000000, 0.108524
429, 2.947044, 8.333531, 0.000000, 1.000000
430, 5.541417, 6.433206, 0.000000, 0.963674
431, 86.989830, 1.632636, 0.000000, 0.154693
432, 8.952349, 8.338221, 0.000000, 0.914710
433, 6.840323, 8.360139, 0.000000, 0.865736
434, 83.957752, 6.668934, 0.000000, 0.324698
435, 12.000000, 6.732051, 0.000000, 0.911790
436, 14.000000, 6.732051, 0.000000, 0.927536
437, 16.000000, 6.732051, 0.000000, 0.851416
438, 18.000000, 6.732051, 0.000000, 0.853326
439, 20.000000, 6.732051, 0.000000, 0.889591
440, 22.000000, 6.732051, 0.000000, 0.837125
441, 24.000000, 6.732051, 0.000000, 0.768162
442, 26.000000, 6.732051, 0.000000, 0.664137
443, 28.000000, 6.732051, 0.000000, 0.723617
444, 30.000000, 6.732051, 0.000000, 0.717076
445, 32.000000, 6.732051, 0.000000, 0.727995
446, 34.000000, 6.732051, 0.000000, 0.748602
447, 36.000000, 6.732051, 0.000000, 0.663220
448, 38.000000, 6.732051, 0.000000, 0.609504
449, 40.000000, 6.732051, 0.000000, 0.669828
450, 42.000000, 6.732051, 0.000000, 0.612966
451, 44.000000, 6.732051, 0.000000, 0.559327
452, 46.000000, 6.732051, 0.000000, 0.527576
453, 48.000000, 6.732051, 0.000000, 0.494980
454, 50.000000, 6.732051, 0.000000, 0.448410
455, 52.000000, 6.732051, 0.000000, 0.558362
456, 54.000000, 6.732051, 0.000000, 0.454360
457, 56.000000, 6.732051, 0.000000, 0.505046
458, 58.000000, 6.732051, 0.000000, 0.382786
459, 60.000000, 6.732051, 0.000000, 0.520511
460, 62.000000, 6.732051, 0.000000, 0.399357
461, 64.000000, 6.732051, 0.000000, 0.335420
462, 66.000000, 6.732051, 0.000000, 0.457003
463, 68.000000, 6.732051, 0.000000, 0.389118
464, 70.000000, 6.732051, 0.000000, 0.416014
465, 72.000000, 6.732051, 0.000000, 0.366544
466, 74.000000, 6.732051, 0.000000, 0.338056
467, 76.000000, 6.732051, 0.000000, 0.327523
468, 78.000000, 6.732051, 0.000000, 0.375325
469, 80.000000, 6.732051, 0.000000, 0.351975
470, 81.996678, 6.726664, 0.000000, 0.289278
471, 10.000000, 6.731708, 0.000000, 0.894594
472, 91.000000, 1.352571, 0.000000, 0.181659
473, 94.944712, 1.323727, 0.000000, 0.186812
474, 94.602886, 6.651924, 0.000000, 0.124090
475, 87.981239, 6.974453, 0.000000, 0.182457
476, 86.005906, 2.962044, 0.000000, 0.337654
477, 91.644927, 6.737734, 0.000000, 0.179477
478, 84.600159, 5.087686, 0.000000, 0.204826
479, 98.535898, 8.535898, 0.000000, 0.033255
480, 1.464102, 1.464102, 0.000000, 0.975510
481, 98.535898, 1.464102, 0.000000, 0.134293
482, 1.464102, 8.535898, 0.000000, 1.000000
483, 4.951700, 4.705764, 0.000000, 0.908571
484, 4.570832, 3.118958, 0.000000, 0.922190
485, 5.000000, 8.267949, 10.000000, 0.982127
486, 9.000000, 1.732051, 10.000000, 0.825806
487, 13.000000, 1.732051, 10.000000, 0.836452
488, 17.000000, 1.732051, 10.000000, 0.839796
489, 21.000000, 1.732051, 10.000000, 0.737574
490, 25.000000, 1.732051, 10.000000, 0.775552
491, 29.000000, 1.732051, 10.000000, 0.663810
492, 33.000000, 1.732051, 10.000000, 0.675655
493, 37.000000, 1.732051, 10.000000, 0.620711
494, 41.000000, 1.732051, 10.000000, 0.562872
495, 45.000000, 1.732051, 10.000000, 0.589591
496, 49.000000, 1.732051, 10.000000, 0.540445
497, 53.000000, 1.732051, 10.000000, 0.535728
498, 57.000000, 1.732051, 10.000000, 0.524933
499, 61.000000, 1.732051, 10.000000, 0.439317
500, 65.000000, 1.732051, 10.000000, 0.456668
501, 69.000000, 1.732051, 10.000000, 0.387364
502, 73.000000, 1.732051, 10.000000, 0.310536
503, 77.000000, 1.732051, 10.000000, 0.249190
504, 81.000000, 1.732051, 10.000000, 0.234459
505, 85.002141, 1.631455, 10.000000, 0.234119
506, 89.225465, 1.890459, 10.000000, 0.177088
507, 93.030770, 1.813188, 10.000000, 0.273973
508, 95.173451, 8.207408, 10.000000, 0.153125
509, 90.936806, 8.304434, 10.000000, 0.214920
510, 87.000000, 8.347685, 10.000000, 0.227002
511, 83.026301, 8.316209, 10.000000, 0.266537
512, 79.000000, 8.267949, 10.000000, 0.207598
513, 75.000000, 8.267949, 10.000000, 0.228332
514, 71.000000, 8.267949, 10.000000, 0.317676
515, 67.000000, 8.267949, 10.000000, 0.370342
516, 63.000000, 8.267949, 10.000000, 0.427581
517, 59.000000, 8.267949, 10.000000, 0.510170
518, 55.000000, 8.267949, 10.000000, 0.541924
519, 51.000000, 8.267949, 10.000000, 0.549266
520, 47.000000, 8.267949, 10.000000, 0.575135
521, 43.000000, 8.267949, 10.000000, 0.679037
522, 39.000000, 8.267949, 10.000000, 0.605658
523, 35.000000, 8.267949, 10.000000, 0.601355
524, 31.000000, 8.267949, 10.000000, 0.616869
525, 27.000000, 8.267949, 10.000000, 0.745285
526, 23.000000, 8.267949, 10.000000, 0.767737
527, 19.000000, 8.267949, 10.000000, 0.892702
528, 15.000000, 8.267949, 10.000000, 0.873378
529, 11.000000, 8.267949, 10.000000, 0.909401
530, 5.116676, 1.664688, 10.000000, 0.881663
531, 1.732051, 5.000000, 10.000000, 0.965215
532, 98.277387, 5.016346, 10.000000, 0.078367
533, 96.816349, 1.811394, 10.000000, 0.039364
534, 98.307029, 6.992518, 10.000000, 0.062603
535, 96.371775, 6.313253, 10.000000, 0.188029
536, 96.535898, 4.000000, 10.000000, 0.225260
537, 94.803848, 5.000000, 10.000000, 0.180901
538, 94.876444, 2.994055, 10.000000, 0.099273
539, 93.077058, 3.967874, 10.000000, 0.215726
540, 93.071797, 6.000000, 10.000000, 0.170226
541, 91.369189, 5.011218, 10.000000, 0.229217
542, 91.218363, 3.005885, 10.000000, 0.101754
543, 89.607695, 4.000000, 10.000000, 0.129492
544, 87.674122, 3.406795, 10.000000, 0.190767
545, 87.998145, 5.317599, 10.000000, 0.231061
546, 86.121157, 4.617281, 10.000000, 0.186943
547, 7.019446, 1.720824, 10.000000, 0.929214
548, 8.003241, 3.462230, 10.000000, 0.970617
549, 10.000540, 3.463790, 10.000000, 0.871644
550, 9.000630, 5.163039, 10.000000, 0.885435
551, 6.840771, 5.059961, 10.000000, 0.964207
552, 11.000051, 5.177667, 10.000000, 0.937758
553, 7.873770, 6.669530, 10.000000, 0.896382
554, 12.000098, 3.460969, 10.000000, 0.916845
555, 13.000006, 5.178195, 10.000000, 0.923397
556, 14.000017, 3.460586, 10.000000, 0.817179
557, 15.000000, 5.196152, 10.000000, 0.813977
558, 16.000003, 3.463516, 10.000000, 0.909445
559, 17.000000, 5.196152, 10.000000, 0.893651
560, 18.000000, 3.464004, 10.000000, 0.870428
561, 19.000000, 5.196152, 10.000000, 0.801130
562, 20.000000, 3.464085, 10.000000, 0.833653
563, 21.000000, 5.196152, 10.000000, 0.774537
564, 22.000000, 3.464099, 10.000000, 0.816402
565, 23.000000, 5.196152, 10.000000, 0.740189
566, 24.000000, 3.464101, 10.000000, 0.718099
567, 25.000000, 5.196152, 10.000000, 0.714530
568, 26.000000, 3.464102, 10.000000, 0.800749
569, 27.000000, 5.196152, 10.000000, 0.750770
570, 28.000000, 3.464102, 10.000000, 0.723997
571, 29.000000, 5.196152, 10.000000, 0.757156
572, 30.000000, 3.464102, 10.000000, 0.735178
573, 31.000000, 5.196152, 10.000000, 0.689177
574, 32.000000, 3.464102, 10.000000, 0.716270
575, 33.000000, 5.196152, 10.000000, 0.799994
576, 34.000000, 3.464102, 10.000000, 0.575221
577, 35.000000, 5.196152, 10.000000, 0.697418
578, 36.000000, 3.464102, 10.000000, 0.713866
579, 37.000000, 5.196152, 10.000000, 0.649944
580, 38.000000, 3.464102, 10.000000, 0.630163
581, 39.000000, 5.196152, 10.000000, 0.721842
582, 40.000000, 3.464102, 10.000000, 0.635875
583, 41.000000, 5.196152, 10.000000, 0.562840
584, 42.000000, 3.464102, 10.000000, 0.602513
585, 43.000000, 5.196152, 10.000000, 0.535297
586, 44.000000, 3.464102, 10.000000, 0.513462
587, 45.000000, 5.196152, 10.000000, 0.605518
588, 46.000000, 3.464102, 10.000000, 0.645970
589, 47.000000, 5.196152, 10.000000, 0.568718
590, 48.000000, 3.464102, 10.000000, 0.562594
591, 49.000000, 5.196152, 10.000000, 0.612459
592, 50.000000, 3.464102, 10.000000, 0.483495
593, 51.000000, 5.196152, 10.000000, 0.508705
594, 52.000000, 3.464102, 10.000000, 0.617465
595, 53.000000, 5.196152, 10.000000, 0.510005
596, 54.000000, 3.464102, 10.000000, 0.455534
597, 55.000000, 5.196152, 10.000000, 0.533972
598, 56.000000, 3.464102, 10.000000, 0.467198
599, 57.000000, 5.196152, 10.000000, 0.510074
600, 58.000000, 3.464102, 10.000000, 0.379874
601, 59.000000, 5.196152, 10.000000, 0.349170
602, 60.000000, 3.464102, 10.000000, 0.508815
603, 61.000000, 5.196152, 10.000000, 0.388397
604, 62.000000, 3.464102, 10.000000, 0.465478
605, 63.000000, 5.196152, 10.000000, 0.444516
606, 64.000000, 3.464102, 10.000000, 0.443971
607, 65.000000, 5.196152, 10.000000, 0.374652
608, 66.000000, 3.464102, 10.000000, 0.469279
609, 67.000000, 5.196152, 10.000000, 0.388440
610, 68.000000, 3.464102, 10.000000, 0.392720
611, 69.000000, 5.196152, 10.000000, 0.383437
612, 70.000000, 3.464102, 10.000000, 0.341307
613, 71.000000, 5.196152, 10.000000, 0.267340
614, 72.000000, 3.464102, 10.000000, 0.373325
615, 73.000000, 5.196152, 10.000000, 0.257384
616, 74.000000, 3.464102, 10.000000, 0.257734
617, 75.000000, 5.196152, 10.000000, 0.351247
618, 76.000000, 3.464102, 10.000000, 0.324392
619, 77.000000, 5.196152, 10.000000, 0.326195
620, 78.000000, 3.464102, 10.000000, 0.364209
621, 79.000000, 5.196152, 10.000000, 0.286487
622, 80.000000, 3.464102, 10.000000, 0.239937
623, 81.000000, 5.196152, 10.000000, 0.270267
624, 82.000000, 3.464102, 10.000000, 0.325542
625, 82.959660, 5.095567, 10.000000, 0.148363
626, 84.242281, 3.522055, 10.000000, 0.320059
627, 93.057968, 7.988368, 10.000000, 0.168061
628, 88.989468, 8.356072, 10.000000, 0.181398
629, 89.788877, 6.384649, 10.000000, 0.173332
630, 85.030684, 8.315834, 10.000000, 0.144065
631, 81.001597, 8.294708, 10.000000, 0.292118
632, 77.000000, 8.267949, 10.000000, 0.274808
633, 73.000000, 8.267949, 10.000000, 0.342810
634, 69.000000, 8.267949, 10.000000, 0.384636
635, 65.000000, 8.267949, 10.000000, 0.421976
636, 61.000000, 8.267949, 10.000000, 0.492199
637, 57.000000, 8.267949, 10.000000, 0.461107
638, 53.000000, 8.267949, 10.000000, 0.622545
639, 49.000000, 8.267949, 10.000000, 0.565818
640, 45.000000, 8.267949, 10.000000, 0.634844
641, 41.000000, 8.267949, 10.000000, 0.576654
642, 37.000000, 8.267949, 10.000000, 0.678745
643, 33.000000, 8.267949, 10.000000, 0.760323
644, 29.000000, 8.267949, 10.000000, 0.709261
645, 25.000000, 8.267949, 10.000000, 0.876612
646, 21.000000, 8.267949, 10.000000, 0.811210
647, 17.000000, 8.267949, 10.000000, 0.812431
648, 13.000000, 8.267949, 10.000000, 0.889495
649, 11.000106, 1.731477, 10.000000, 0.906534
650, 15.000003, 1.731367, 10.000000, 0.879315
651, 19.000000, 1.732032, 10.000000, 0.779376
652, 23.000000, 1.732050, 10.000000, 0.777102
653, 27.000000, 1.732051, 10.000000, 0.839418
654, 31.000000, 1.732051, 10.000000, 0.753590
655, 35.000000, 1.732051, 10.000000, 0.668858
656, 39.000000, 1.732051, 10.000000, 0.554712
657, 43.000000, 1.732051, 10.000000, 0.645302
658, 47.000000, 1.732051, 10.000000, 0.697868
659, 51.000000, 1.732051, 10.000000, 0.459713
660, 55.000000, 1.732051, 10.000000, 0.479077
661, 59.000000, 1.732051, 10.000000, 0.476677
662, 63.000000, 1.732051, 10.000000, 0.459994
663, 67.000000, 1.732051, 10.000000, 0.352377
664, 71.000000, 1.732051, 10.000000, 0.393861
665, 75.000000, 1.732051, 10.000000, 0.395408
666, 79.000000, 1.732051, 10.000000, 0.307754
667, 83.040737, 1.724944, 10.000000, 0.219674
668, 1.693544, 3.008475, 10.000000, 1.000000
669, 3.204881, 3.966742, 10.000000, 0.968867
670, 3.521153, 6.194026, 10.000000, 0.931478
671, 1.697009, 7.003310, 10.000000, 0.874255
672, 6.000000, 3.464102, 10.000000, 0.926851
673, 86.129707, 6.466258, 10.000000, 0.286771
674, 3.138347, 1.827729, 10.000000, 0.969814
675, 98.350537, 3.062765, 10.000000, 0.145898
676, 97.018187, 8.336673, 10.000000, 0.099287
677, 2.947044, 8.333531, 10.000000, 0.888630
678, 5.541417, 6.433206, 10.000000, 0.980369
679, 86.989830, 1.632636, 10.000000, 0.209690
680, 8.952349, 8.338221, 10.000000, 1.000000
681, 6.840323, 8.360139, 10.000000, 0.917530
682, 83.957752, 6.668934, 10.000000, 0.182560
683, 12.000000, 6.732051, 10.000000, 0.961638
684, 14.000000, 6.732051, 10.000000, 0.861496
685, 16.000000, 6.732051, 10.000000, 0.829431
686, 18.000000, 6.732051, 10.000000, 0.739154
687, 20.000000, 6.732051, 10.000000, 0.832852
688, 22.000000, 6.732051, 10.000000, 0.798214
689, 24.000000, 6.732051, 10.000000, 0.784126
690, 26.000000, 6.732051, 10.000000, 0.789945
691, 28.000000, 6.732051, 10.000000, 0.782332
692, 30.000000, 6.732051, 10.000000, 0.650599
693, 32.000000, 6.732051, 10.000000, 0.691674
694, 34.000000, 6.732051, 10.000000, 0.640534
695, 36.000000, 6.732051, 10.000000, 0.679350
696, 38.000000, 6.732051, 10.000000, 0.603249
697, 40.000000, 6.732051, 10.000000, 0.588781
698, 42.000000, 6.732051, 10.000000, 0.632602
699, 44.000000, 6.732051, 10.000000, 0.641562
700, 46.000000, 6.732051, 10.000000, 0.611016
701, 48.000000, 6.732051, 10.000000, 0.518841
702, 50.000000, 6.732051, 10.000000, 0.590452
703, 52.000000, 6.732051, 10.000000, 0.541695
704, 54.000000, 6.732051, 10.000000, 0.552530
705, 56.000000, 6.732051, 10.000000, 0.497646
706, 58.000000, 6.732051, 10.000000, 0.462843
707, 60.000000, 6.732051, 10.000000, 0.496355
708, 62.000000, 6.732051, 10.000000, 0.377109
709, 64.000000, 6.732051, 10.000000, 0.345596
710, 66.000000, 6.732051, 10.000000, 0.427781
711, 68.000000, 6.732051, 10.000000, 0.367607
712, 70.000000, 6.732051, 10.000000, 0.297648
713, 72.000000, 6.732051, 10.000000, 0.316666
714, 74.000000, 6.732051, 10.000000, 0.425457
715, 76.000000, 6.732051, 10.000000, 0.231045
716, 78.000000, 6.732051, 10.000000, 0.290239
717, 80.000000, 6.732051, 10.000000, 0.297178
718, 81.996678, 6.726664, 10.000000, 0.289062
719, 10.000000, 6.731708, 10.000000, 0.937238
720, 91.000000, 1.352571, 10.000000, 0.108352
721, 94.944712, 1.323727, 10.000000, 0.100737
722, 94.602886, 6.651924, 10.000000, 0.146323
723, 87.981239, 6.974453, 10.000000, 0.254207
724, 86.005906, 2.962044, 10.000000, 0.212057
725, 91.644927, 6.737734, 10.000000, 0.167707
726, 84.600159, 5.087686, 10.000000, 0.227510
727, 98.535898, 8.535898, 10.000000, 0.148810
728, 1.464102, 1.464102, 10.000000, 0.893989
729, 98.535898, 1.464102, 10.000000, 0.071632
730, 1.464102, 8.535898, 10.000000, 1.000000
731, 4.951700, 4.705764, 10.000000, 0.931132
732, 4.570832, 3.118958, 10.000000, 0.989504
733, 5.103139, 0.000000, 1.635499, 0.950897
734, 9.026613, 0.000000, 1.683994, 0.894294
735, 13.000000, 0.000000, 1.732051, 0.882449
736, 17.000000, 0.000000, 1.732051, 0.866535
737, 21.000000, 0.000000, 1.732051, 0.826186
738, 25.000000, 0.000000, 1.732051, 0.639215
739, 29.000000, 0.000000, 8.267949, 0.764083
740, 32.973387, 0.000000, 1.716686, 0.691172
741, 37.000000, 0.000000, 8.267949, 0.673234
742, 41.000000, 0.000000, 1.732051, 0.653794
743, 45.000000, 0.000000, 8.267949, 0.550469
744, 48.973387, 0.000000, 8.316006, 0.508128
745, 53.000000, 0.000000, 8.267949, 0.585950
746, 57.000000, 0.000000, 1.732051, 0.538061
747, 61.000000, 0.000000, 1.732051, 0.498714
748, 65.000000, 0.000000, 1.732051, 0.380781
749, 69.000000, 0.000000, 1.732051, 0.366173
750, 73.000000, 0.000000, 1.732051, 0.297305
751, 77.000000, 0.000000, 1.732051, 0.267309
752, 81.000000, 0.000000, 1.732051, 0.196278
753, 85.002141, 0.000000, 1.631455, 0.192334
754, 89.225465, 0.000000, 1.890459, 0.175098
755, 93.030770, 0.000000, 1.813188, 0.111908
756, 47.053226, 0.000000, 1.668686, 0.584796
757, 51.000000, 0.000000, 1.732051, 0.485416
758, 7.000000, 0.000000, 8.267949, 0.996043
759, 10.973387, 0.000000, 8.316006, 0.941617
760, 15.000000, 0.000000, 8.267949, 0.788742
761, 19.000000, 0.000000, 8.267949, 0.927508
762, 23.000000, 0.000000, 8.267949, 0.772449
763, 59.000000, 0.000000, 8.267949, 0.529181
764, 63.000000, 0.000000, 8.267949, 0.482016
765, 67.000000, 0.000000, 8.267949, 0.410978
766, 71.000000, 0.000000, 8.267949, 0.357726
767, 75.000000, 0.000000, 8.267949, 0.415194
768, 79.000000, 0.000000, 8.267949, 0.215035
769, 83.026301, 0.000000, 8.316209, 0.297229
770, 87.000000, 0.000000, 8.347685, 0.139457
771, 90.936806, 0.000000, 8.304434, 0.198067
772, 95.173451, 0.000000, 8.207408, 0.202516
773, 29.000000, 0.000000, 1.732051, 0.756550
774, 37.000000, 0.000000, 1.732051, 0.553408
775, 33.026613, 0.000000, 8.316006, 0.772595
776, 41.000000, 0.000000, 8.267949, 0.645057
777, 1.637066, 0.000000, 4.886651, 0.932592
778, 98.277387, 0.000000, 5.016346, 0.053331
779, 96.816349, 0.000000, 1.811394, 0.139352
780, 3.008475, 0.000000, 8.306456, 0.952657
781, 98.307029, 0.000000, 6.992518, 0.104715
782, 96.371775, 0.000000, 6.313253, 0.110374
783, 96.535898, 0.000000, 4.000000, 0.009186
784, 94.803848, 0.000000, 5.000000, 0.155690
785, 94.876444, 0.000000, 2.994055, 0.263548
786, 93.077058, 0.000000, 3.967874, 0.137846
787, 93.071797, 0.000000, 6.000000, 0.018087
788, 91.369189, 0.000000, 5.011218, 0.250439
789, 91.218363, 0.000000, 3.005885, 0.247010
790, 89.607695, 0.000000, 4.000000, 0.083037
791, 87.674122, 0.000000, 3.406795, 0.273513
792, 87.998145, 0.000000, 5.317599, 0.248037
793, 86.121157, 0.000000, 4.617281, 0.240044
794, 5.001412, 0.000000, 8.274367, 0.935916
795, 6.000235, 0.000000, 6.536968, 0.987741
796, 7.973426, 0.000000, 6.551442, 0.926313
797, 7.000000, 0.000000, 4.803848, 1.000000
798, 8.996836, 0.000000, 4.922455, 0.990785
799, 4.847988, 0.000000, 4.814316, 0.891340
800, 35.031048, 0.000000, 8.291324, 0.683786
801, 36.031787, 0.000000, 6.555159, 0.678529
802, 38.005298, 0.000000, 6.539108, 0.691906
803, 37.000000, 0.000000, 4.803848, 0.583565
804, 35.003784, 0.000000, 4.922898, 0.618047
805, 39.000000, 0.000000, 4.803848, 0.601441
806, 43.000000, 0.000000, 8.267949, 0.594278
807, 44.000000, 0.000000, 6.535898, 0.628505
808, 45.973387, 0.000000, 6.551263, 0.579755
809, 44.995565, 0.000000, 4.839158, 0.602564
810, 42.999261, 0.000000, 4.842482, 0.598534
811, 46.996304, 0.000000, 4.926679, 0.595182
812, 43.999138, 0.000000, 3.249658, 0.575276
813, 7.015447, 0.000000, 1.668133, 0.918753
814, 11.031048, 0.000000, 1.708676, 0.913072
815, 12.031787, 0.000000, 3.444841, 0.963033
816, 14.005298, 0.000000, 3.460892, 0.898062
817, 13.000000, 0.000000, 5.196152, 0.890549
818, 15.000000, 0.000000, 5.196152, 0.912502
819, 11.003408, 0.000000, 5.091222, 0.886364
820, 16.000883, 0.000000, 3.463567, 0.941776
821, 17.000000, 0.000000, 5.196152, 0.880904
822, 19.000000, 0.000000, 1.732051, 0.815421
823, 20.000000, 0.000000, 3.464102, 0.884650
824, 22.000000, 0.000000, 3.464102, 0.792896
825, 21.000000, 0.000000, 5.196152, 0.858701
826, 23.000000, 0.000000, 5.196152, 0.801766
827, 19.000000, 0.000000, 5.196152, 0.690487
828, 27.000000, 0.000000, 1.732051, 0.768204
829, 28.000000, 0.000000, 3.464102, 0.747762
830, 30.000000, 0.000000, 3.464102, 0.688264
831, 29.000000, 0.000000, 5.196152, 0.886291
832, 27.000000, 0.000000, 5.196152, 0.716356
833, 31.000000, 0.000000, 5.196152, 0.776287
834, 34.968952, 0.000000, 1.681433, 0.635592
835, 49.035484, 0.000000, 1.706125, 0.477565
836, 50.032527, 0.000000, 3.444416, 0.586162
837, 52.005421, 0.000000, 3.460821, 0.496184
838, 51.000000, 0.000000, 5.196152, 0.642244
839, 53.000000, 0.000000, 5.196152, 0.472655
840, 54.000904, 0.000000, 3.463555, 0.620578
841, 55.000151, 0.000000, 5.163312, 0.596441
842, 49.003432, 0.000000, 5.091674, 0.465611
843, 53.001054, 0.000000, 1.731413, 0.479335
844, 59.000000, 0.000000, 1.732051, 0.474222
845, 60.000000, 0.000000, 3.464102, 0.466792
846, 62.000000, 0.000000, 3.464102, 0.443545
847, 61.000000, 0.000000, 5.196152, 0.467492
848, 63.000000, 0.000000, 5.196152, 0.457439
849, 59.000000, 0.000000, 5.196152, 0.587497
850, 63.000000, 0.000000, 1.732051, 0.380829
851, 67.000000, 0.000000, 1.732051, 0.449240
852, 68.000000, 0.000000, 3.464102, 0.455111
853, 70.000000, 0.000000, 3.464102, 0.285963
854, 69.000000, 0.000000, 5.196152, 0.355458
855, 71.000000, 0.000000, 5.196152, 0.396439
856, 67.000000, 0.000000, 5.196152, 0.350577
857, 71.000000, 0.000000, 1.732051, 0.386811
858, 75.000000, 0.000000, 1.732051, 0.336341
859, 76.000000, 0.000000, 3.464102, 0.268390
860, 78.000000, 0.000000, 3.464102, 0.286854
861, 77.000000, 0.000000, 5.196152, 0.284857
862, 79.000000, 0.000000, 5.196152, 0.275878
863, 75.000000, 0.000000, 5.196152, 0.237675
864, 83.000357, 0.000000, 1.715285, 0.320123
865, 82.000059, 0.000000, 3.461307, 0.317493
866, 1.693821, 0.000000, 3.001136, 0.995780
867, 56.000176, 0.000000, 3.458537, 0.484018
868, 58.000029, 0.000000, 3.463174, 0.471531
869, 57.000059, 0.000000, 5.156848, 0.545659
870, 56.000035, 0.000000, 6.750642, 0.553966
871, 80.000010, 0.000000, 3.463636, 0.230756
872, 81.000000, 0.000000, 5.196152, 0.311312
873, 82.959670, 0.000000, 5.095101, 0.220170
874, 41.999877, 0.000000, 6.542337, 0.548205
875, 40.000225, 0.000000, 6.536317, 0.593210
876, 23.000000, 0.000000, 1.732051, 0.767196
877, 30.995565, 0.000000, 1.729490, 0.709900
878, 31.968213, 0.000000, 3.445749, 0.716999
879, 32.996666, 0.000000, 5.091383, 0.674836
880, 39.000000, 0.000000, 1.732051, 0.718216
881, 55.000356, 0.000000, 1.730926, 0.511408
882, 79.000002, 0.000000, 1.731973, 0.189176
883, 8.964523, 0.000000, 8.293914, 0.924022
884, 12.998384, 0.000000, 8.294696, 0.922961
885, 17.000000, 0.000000, 8.267949, 0.851952
886, 21.000000, 0.000000, 8.267949, 0.787283
887, 31.001616, 0.000000, 8.294696, 0.737785
888, 39.000920, 0.000000, 8.268554, 0.693917
889, 46.964516, 0.000000, 8.293884, 0.587825
890, 50.998384, 0.000000, 8.294696, 0.490909
891, 61.000000, 0.000000, 8.267949, 0.481747
892, 65.000000, 0.000000, 8.267949, 0.405642
893, 69.000000, 0.000000, 8.267949, 0.365825
894, 73.000000, 0.000000, 8.267949, 0.378234
895, 77.000000, 0.000000, 8.267949, 0.334803
896, 81.001597, 0.000000, 8.294708, 0.270785
897, 85.030684, 0.000000, 8.315834, 0.218910
898, 88.989468, 0.000000, 8.356072, 0.194579
899, 89.788877, 0.000000, 6.384649, 0.201179
900, 93.057968, 0.000000, 7.988368, 0.245132
901, 26.000000, 0.000000, 3.464102, 0.711214
902, 72.000000, 0.000000, 3.464102, 0.298548
903, 74.000000, 0.000000, 3.464102, 0.356258
904, 73.000000, 0.000000, 5.196152, 0.306004
905, 40.999972, 0.000000, 4.822856, 0.573822
906, 66.000000, 0.000000, 3.464102, 0.398722
907, 84.242341, 0.000000, 3.519195, 0.212240
908, 25.000000, 0.000000, 8.267949, 0.784522
909, 27.000000, 0.000000, 8.267949, 0.695980
910, 64.000000, 0.000000, 3.464102, 0.458091
911, 24.000000, 0.000000, 3.464102, 0.777839
912, 25.000000, 0.000000, 5.196152, 0.741611
913, 65.000000, 0.000000, 5.196152, 0.351117
914, 3.939428, 0.000000, 6.708669, 1.000000
915, 15.001030, 0.000000, 1.731427, 0.902544
916, 18.000147, 0.000000, 3.464012, 0.868762
917, 86.129707, 0.000000, 6.466258, 0.296150
918, 3.156244, 0.000000, 1.891187, 1.000000
919, 98.350537, 0.000000, 3.062765, 0.085018
920, 97.018187, 0.000000, 8.336673, 0.101698
921, 1.878872, 0.000000, 6.836522, 0.983245
922, 3.159818, 0.000000, 3.858140, 0.922627
923, 86.989830, 0.000000, 1.632636, 0.175837
924, 10.056300, 0.000000, 3.358539, 0.925678
925, 33.943783, 0.000000, 3.359368, 0.741205
926, 44.982114, 0.000000, 1.637750, 0.607100
927, 54.840323, 0.000000, 8.360139, 0.493897
928, 57.159677, 0.000000, 8.360139, 0.522425
929, 42.952146, 0.000000, 1.645645, 0.661903
930, 47.943786, 0.000000, 6.645115, 0.555051
931, 48.060023, 0.000000, 3.356960, 0.554952
932, 9.943852, 0.000000, 6.644583, 0.981925
933, 34.056324, 0.000000, 6.644789, 0.642148
934, 83.957754, 0.000000, 6.668856, 0.303033
935, 20.000000, 0.000000, 6.732051, 0.840889
936, 26.000000, 0.000000, 6.732051, 0.783196
937, 60.000000, 0.000000, 6.731994, 0.484544
938, 16.000000, 0.000000, 6.732051, 0.821187
939, 66.000000, 0.000000, 6.732051, 0.344449
940, 8.015866, 0.000000, 3.284153, 0.924428
941, 24.000000, 0.000000, 6.732051, 0.804494
942, 64.000000, 0.000000, 6.732051, 0.426417
943, 78.000000, 0.000000, 6.732051, 0.340949
944, 81.996679, 0.000000, 6.726631, 0.239789
945, 68.000000, 0.000000, 6.732051, 0.393396
946, 18.000000, 0.000000, 6.732051, 0.779146
947, 62.000000, 0.000000, 6.732041, 0.492547
948, 30.000000, 0.000000, 6.732051, 0.776453
949, 49.986498, 0.000000, 6.712616, 0.554217
950, 74.000000, 0.000000, 6.732051, 0.330190
951, 80.000000, 0.000000, 6.732051, 0.281531
952, 51.997480, 0.000000, 6.733212, 0.411014
953, 72.000000, 0.000000, 6.732051, 0.377764
954, 76.000000, 0.000000, 6.732051, 0.288094
955, 36.000000, 0.000000, 3.267949, 0.668045
956, 32.013537, 0.000000, 6.712513, 0.799743
957, 22.000000, 0.000000, 6.732051, 0.804399
958, 38.000000, 0.000000, 3.267949, 0.698491
959, 70.000000, 0.000000, 6.732051, 0.406875
960, 14.000000, 0.000000, 6.732051, 0.917884
961, 28.000000, 0.000000, 6.732051, 0.666500
962, 40.000000, 0.000000, 3.267949, 0.651989
963, 6.083866, 0.000000, 3.223920, 0.956362
964, 11.986505, 0.000000, 6.712452, 0.811131
965, 42.000000, 0.000000, 3.268292, 0.654172
966, 58.000000, 0.000000, 6.731708, 0.377698
967, 46.014395, 0.000000, 3.279815, 0.535443
968, 54.000000, 0.000000, 6.731708, 0.478564
969, 91.000000, 0.000000, 1.352571, 0.302507
970, 94.944712, 0.000000, 1.323727, 0.230883
971, 94.602886, 0.000000, 6.651924, 0.179355
972, 87.981239, 0.000000, 6.974453, 0.262077
973, 86.005918, 0.000000, 2.961472, 0.205042
974, 91.644927, 0.000000, 6.737734, 0.169991
975, 84.600159, 0.000000, 5.087686, 0.230793
976, 98.535898, 0.000000, 8.535898, 0.151080
977, 1.464102, 0.000000, 8.535898, 0.904922
978, 1.464102, 0.000000, 1.464102, 0.951948
979, 98.535898, 0.000000, 1.464102, 0.160689
980, 4.470211, 0.000000, 3.084612, 0.963844
981, 3.092634, 0.000000, 5.420860, 0.937885
982, 100.000000, 5.000000, 1.732051, 0.055013
983, 100.000000, 5.080520, 8.664915, 0.081204
984, 100.000000, 1.637066, 5.113349, 0.101099
985, 100.000000, 8.372448, 5.096679, 0.113702
986, 100.000000, 3.008475, 1.693544, 0.134036
987, 100.000000, 3.964489, 3.294324, 0.126765
988, 100.000000, 6.031094, 3.272314, 0.168107
989, 100.000000, 5.000000, 5.196152, 0.117169
990, 100.000000, 6.995296, 1.696225, 0.117530
991, 100.000000, 1.693821, 6.998864, 0.193273
992, 100.000000, 6.847651, 8.119090, 0.182649
993, 100.000000, 3.158901, 8.254796, 0.056841
994, 100.000000, 1.882452, 3.163905, 0.191430
995, 100.000000, 8.383692, 6.942277, 0.049710
996, 100.000000, 8.177658, 3.141343, 0.200857
997, 100.000000, 3.316224, 6.146205, 0.186989
998, 100.000000, 6.800969, 6.111247, 0.108070
999, 100.000000, 5.234115, 6.823163, 0.135697
1000, 100.000000, 8.535898, 1.464102, 0.146668
1001, 100.000000, 8.535898, 8.535898, 0.120459
1002, 100.000000, 1.464102, 1.464102, 0.051919
1003, 100.000000, 1.464102, 8.535898, 0.050616
1004, 100.000000, 3.103030, 4.582019, 0.046606
1005, 100.000000, 6.897502, 4.581232, 0.083619
1006, 95.173451, 10.000000, 1.792592, 0.153825
1007, 90.936806, 10.000000, 1.695566, 0.253823
1008, 87.000000, 10.000000, 1.652315, 0.161157
1009, 83.000000, 10.000000, 1.732051, 0.218720
1010, 79.000000, 10.000000, 1.732051, 0.242755
1011, 75.000000, 10.000000, 1.732051, 0.256332
1012, 71.000000, 10.000000, 1.732051, 0.354693
1013, 67.000000, 10.000000, 1.732051, 0.460080
1014, 63.000000, 10.000000, 1.732051, 0.394515
1015, 59.000000, 10.000000, 1.732051, 0.428512
1016, 55.019009, 10.000000, 8.350421, 0.462245
1017, 51.000000, 10.000000, 8.267949, 0.530417
1018, 45.000000, 10.000000, 1.732051, 0.582357
1019, 41.000000, 10.000000, 1.732051, 0.672350
1020, 37.000000, 10.000000, 1.732051, 0.620479
1021, 33.000000, 10.000000, 1.732051, 0.674454
1022, 29.000000, 10.000000, 1.732051, 0.818503
1023, 25.000000, 10.000000, 1.732051, 0.833230
1024, 21.000000, 10.000000, 1.732051, 0.799037
1025, 17.000000, 10.000000, 1.732051, 0.862525
1026, 13.000000, 10.000000, 1.732051, 0.879177
1027, 9.000000, 10.000000, 1.732051, 0.902314
1028, 5.000000, 10.000000, 1.732051, 1.000000
1029, 53.000000, 10.000000, 1.732051, 0.479437
1030, 49.000000, 10.000000, 1.732051, 0.580816
1031, 93.030770, 10.000000, 8.186812, 0.256947
1032, 89.225465, 10.000000, 8.109541, 0.097853
1033, 85.002141, 10.000000, 8.401237, 0.231941
1034, 81.000000, 10.000000, 8.267949, 0.210768
1035, 77.000000, 10.000000, 8.267949, 0.334853
1036, 73.000000, 10.000000, 8.267949, 0.316533
1037, 69.000000, 10.000000, 8.267949, 0.349473
1038, 65.000000, 10.000000, 8.267949, 0.439800
1039, 61.000000, 10.000000, 8.267949, 0.392133
1040, 47.000000, 10.000000, 8.267949, 0.641771
1041, 43.000000, 10.000000, 8.267949, 0.681461
1042, 39.000000, 10.000000, 8.267949, 0.677544
1043, 35.000000, 10.000000, 8.267949, 0.694530
1044, 31.000000, 10.000000, 8.267949, 0.762171
1045, 27.000000, 10.000000, 8.267949, 0.814882
1046, 22.973387, 10.000000, 8.316006, 0.829830
1047, 19.000000, 10.000000, 8.267949, 0.893466
1048, 15.026613, 10.000000, 8.316006, 0.921646
1049, 11.000000, 10.000000, 8.267949, 0.921504
1050, 7.000000, 10.000000, 8.267949, 0.856229
1051, 1.627552, 10.000000, 5.096679, 0.994666
1052, 98.277387, 10.000000, 4.983654, 0.026088
1053, 96.816349, 10.000000, 8.188606, 0.025472
1054, 3.138851, 10.000000, 8.080979, 1.000000
1055, 98.307029, 10.000000, 3.007482, 0.129665
1056, 96.371775, 10.000000, 3.686747, 0.124646
1057, 96.535898, 10.000000, 6.000000, 0.097867
1058, 94.803848, 10.000000, 5.000000, 0.146450
1059, 94.876444, 10.000000, 7.005945, 0.173371
1060, 93.077058, 10.000000, 6.032126, 0.128857
1061, 93.071797, 10.000000, 4.000000, 0.210645
1062, 91.369189, 10.000000, 4.988782, 0.165274
1063, 91.218363, 10.000000, 6.994115, 0.217151
1064, 89.607695, 10.000000, 6.000000, 0.186402
1065, 87.674122, 10.000000, 6.593205, 0.189524
1066, 87.998145, 10.000000, 4.682401, 0.136733
1067, 86.454464, 10.000000, 5.321076, 0.272020
1068, 7.000000, 10.000000, 1.732051, 0.989408
1069, 6.000000, 10.000000, 3.464102, 0.882399
1070, 3.962987, 10.000000, 3.300611, 0.952813
1071, 4.842559, 10.000000, 5.162176, 1.000000
1072, 6.973760, 10.000000, 5.125106, 0.962710
1073, 3.004448, 10.000000, 1.697453, 0.926719
1074, 7.995627, 10.000000, 3.452260, 0.917316
1075, 9.999271, 10.000000, 3.462128, 0.954292
1076, 10.999879, 10.000000, 1.731722, 0.902857
1077, 11.999858, 10.000000, 3.463718, 0.982111
1078, 13.999976, 10.000000, 3.464038, 0.873011
1079, 13.000000, 10.000000, 5.196152, 0.881122
1080, 15.019006, 10.000000, 5.113673, 0.822360
1081, 11.000000, 10.000000, 5.196152, 0.768038
1082, 93.057968, 10.000000, 2.011632, 0.223953
1083, 88.989468, 10.000000, 1.643928, 0.183913
1084, 89.788877, 10.000000, 3.615351, 0.130372
1085, 85.000000, 10.000000, 1.707777, 0.154362
1086, 83.931201, 10.000000, 3.409351, 0.283881
1087, 81.988534, 10.000000, 3.454977, 0.270003
1088, 82.917824, 10.000000, 5.080401, 0.413297
1089, 81.000000, 10.000000, 5.196152, 0.279957
1090, 77.000000, 10.000000, 1.732051, 0.349897
1091, 76.000000, 10.000000, 3.464102, 0.343917
1092, 74.000000, 10.000000, 3.464102, 0.267735
1093, 75.000000, 10.000000, 5.196152, 0.254881
1094, 73.000000, 10.000000, 5.196152, 0.342811
1095, 77.000000, 10.000000, 5.196152, 0.262112
1096, 73.000000, 10.000000, 1.732051, 0.353920
1097, 69.000000, 10.000000, 1.732051, 0.422128
1098, 68.000000, 10.000000, 3.464102, 0.448512
1099, 66.000000, 10.000000, 3.464102, 0.368454
1100, 67.000000, 10.000000, 5.196152, 0.342375
1101, 65.000000, 10.000000, 5.196152, 0.443701
1102, 69.000000, 10.000000, 5.196152, 0.386966
1103, 64.000000, 10.000000, 3.464102, 0.382436
1104, 63.000000, 10.000000, 5.196152, 0.402118
1105, 62.000000, 10.000000, 3.464102, 0.384314
1106, 61.000000, 10.000000, 5.196152, 0.461610
1107, 65.000000, 10.000000, 1.732051, 0.386907
1108, 61.000000, 10.000000, 1.732051, 0.497361
1109, 51.000000, 10.000000, 1.732051, 0.532598
1110, 50.000000, 10.000000, 3.464102, 0.616088
1111, 48.000000, 10.000000, 3.464102, 0.535447
1112, 49.000000, 10.000000, 5.196152, 0.546254
1113, 51.000000, 10.000000, 5.196152, 0.536567
1114, 47.000000, 10.000000, 5.196152, 0.610743
1115, 43.000000, 10.000000, 1.732051, 0.647915
1116, 42.000000, 10.000000, 3.464102, 0.639612
1117, 40.000000, 10.000000, 3.464102, 0.734557
1118, 41.000000, 10.000000, 5.196152, 0.681157
1119, 39.000000, 10.000000, 5.196152, 0.634153
1120, 43.000000, 10.000000, 5.196152, 0.654014
1121, 39.000000, 10.000000, 1.732051, 0.672171
1122, 35.000000, 10.000000, 1.732051, 0.718578
1123, 34.000000, 10.000000, 3.464102, 0.785158
1124, 32.000000, 10.000000, 3.464102, 0.646092
1125, 33.000000, 10.000000, 5.196152, 0.660080
1126, 35.000000, 10.000000, 5.196152, 0.716213
1127, 31.000000, 10.000000, 5.196152, 0.689344
1128, 31.000000, 10.000000, 1.732051, 0.664751
1129, 27.000000, 10.000000, 1.732051, 0.780081
1130, 26.000000, 10.000000, 3.464102, 0.670748
1131, 24.000000, 10.000000, 3.464102, 0.793482
1132, 25.000000, 10.000000, 5.196152, 0.744463
1133, 22.980991, 10.000000, 5.113681, 0.788768
1134, 27.000000, 10.000000, 5.196152, 0.757530
1135, 19.000000, 10.000000, 1.732051, 0.873280
1136, 20.000000, 10.000000, 3.464102, 0.808527
1137, 14.999996, 10.000000, 1.732040, 0.763013
1138, 46.000000, 10.000000, 3.464102, 0.613722
1139, 38.000000, 10.000000, 3.464102, 0.610598
1140, 36.000000, 10.000000, 3.464102, 0.596910
1141, 30.000000, 10.000000, 3.464102, 0.741049
1142, 28.000000, 10.000000, 3.464102, 0.732542
1143, 44.000000, 10.000000, 3.464102, 0.626023
1144, 80.998089, 10.000000, 1.730530, 0.187776
1145, 57.000000, 10.000000, 1.732051, 0.507713
1146, 58.000000, 10.000000, 3.464102, 0.448840
1147, 56.000000, 10.000000, 3.464102, 0.583613
1148, 57.026613, 10.000000, 5.180788, 0.562936
1149, 55.031048, 10.000000, 5.145535, 0.498398
1150, 55.000000, 10.000000, 1.732051, 0.506769
1151, 59.004435, 10.000000, 5.160842, 0.331040
1152, 58.058400, 10.000000, 6.788989, 0.501118
1153, 47.000000, 10.000000, 1.732051, 0.548283
1154, 23.000000, 10.000000, 1.732051, 0.828951
1155, 83.000182, 10.000000, 8.312642, 0.194520
1156, 79.000000, 10.000000, 8.267949, 0.253385
1157, 75.000000, 10.000000, 8.267949, 0.331848
1158, 71.000000, 10.000000, 8.267949, 0.375473
1159, 67.000000, 10.000000, 8.267949, 0.315637
1160, 63.000000, 10.000000, 8.267949, 0.478279
1161, 53.001616, 10.000000, 8.308321, 0.501536
1162, 49.000000, 10.000000, 8.267949, 0.454365
1163, 45.000000, 10.000000, 8.267949, 0.564628
1164, 41.000000, 10.000000, 8.267949, 0.691953
1165, 37.000000, 10.000000, 8.267949, 0.680465
1166, 33.000000, 10.000000, 8.267949, 0.707321
1167, 29.000000, 10.000000, 8.267949, 0.724200
1168, 24.998384, 10.000000, 8.294696, 0.748164
1169, 20.968952, 10.000000, 8.291324, 0.767737
1170, 19.991725, 10.000000, 6.557917, 0.843193
1171, 18.012874, 10.000000, 6.578940, 0.880245
1172, 17.033194, 10.000000, 8.298497, 0.806735
1173, 13.001616, 10.000000, 8.294696, 1.000000
1174, 9.000000, 10.000000, 8.267949, 1.000000
1175, 5.109887, 10.000000, 8.323870, 0.979967
1176, 72.000000, 10.000000, 3.464102, 0.354804
1177, 70.000000, 10.000000, 3.464102, 0.393783
1178, 71.000000, 10.000000, 5.196152, 0.310774
1179, 21.996832, 10.000000, 3.417607, 0.798811
1180, 16.003163, 10.000000, 3.417593, 0.849748
1181, 54.005175, 10.000000, 3.455665, 0.497472
1182, 79.997770, 10.000000, 3.462327, 0.234859
1183, 79.000000, 10.000000, 5.196152, 0.261659
1184, 77.999628, 10.000000, 3.463806, 0.189134
1185, 60.000739, 10.000000, 3.458217, 0.489434
1186, 52.000862, 10.000000, 3.462696, 0.581750
1187, 53.003154, 10.000000, 5.157652, 0.531836
1188, 45.000000, 10.000000, 5.196152, 0.559450
1189, 37.000000, 10.000000, 5.196152, 0.685996
1190, 29.000000, 10.000000, 5.196152, 0.761127
1191, 18.000137, 10.000000, 3.445049, 0.883574
1192, 8.997335, 10.000000, 5.155577, 0.834775
1193, 86.138717, 10.000000, 3.540334, 0.293034
1194, 98.350537, 10.000000, 6.937235, 0.184379
1195, 1.590410, 10.000000, 6.952066, 0.945621
1196, 97.018187, 10.000000, 1.663327, 0.099701
1197, 1.880227, 10.000000, 3.162868, 0.943544
1198, 3.137057, 10.000000, 6.122563, 0.947710
1199, 86.985762, 10.000000, 8.346289, 0.206976
1200, 21.985843, 10.000000, 6.668439, 0.810352
1201, 59.009733, 10.000000, 8.375515, 0.493867
1202, 56.022512, 10.000000, 6.777038, 0.465910
1203, 16.015281, 10.000000, 6.673137, 0.790722
1204, 12.000000, 10.000000, 6.732051, 0.881719
1205, 8.000000, 10.000000, 6.732051, 0.953422
1206, 78.000000, 10.000000, 6.732051, 0.383086
1207, 70.000000, 10.000000, 6.732051, 0.384396
1208, 82.000000, 10.000000, 6.732051, 0.284050
1209, 76.000000, 10.000000, 6.732051, 0.310264
1210, 42.000000, 10.000000, 6.732051, 0.738174
1211, 40.000000, 10.000000, 6.732051, 0.537047
1212, 52.000795, 10.000000, 6.732363, 0.474477
1213, 54.013022, 10.000000, 6.745222, 0.543196
1214, 50.000132, 10.000000, 6.732103, 0.565922
1215, 80.000000, 10.000000, 6.732051, 0.312710
1216, 34.000000, 10.000000, 6.732051, 0.697360
1217, 26.000000, 10.000000, 6.732051, 0.784891
1218, 23.989767, 10.000000, 6.720171, 0.784845
1219, 68.000000, 10.000000, 6.732051, 0.405133
1220, 83.920034, 10.000000, 6.742985, 0.300173
1221, 66.000000, 10.000000, 6.732051, 0.407086
1222, 44.000000, 10.000000, 6.732051, 0.622082
1223, 38.000000, 10.000000, 6.732051, 0.704046
1224, 36.000000, 10.000000, 6.732051, 0.596250
1225, 32.000000, 10.000000, 6.732051, 0.737578
1226, 64.000000, 10.000000, 6.732051, 0.476865
1227, 74.000000, 10.000000, 6.732051, 0.292374
1228, 48.000022, 10.000000, 6.732059, 0.611919
1229, 46.000004, 10.000000, 6.732052, 0.611959
1230, 6.074446, 10.000000, 6.745566, 0.950232
1231, 19.000790, 10.000000, 5.007554, 0.845851
1232, 28.000000, 10.000000, 6.732051, 0.667571
1233, 62.000000, 10.000000, 6.731994, 0.431487
1234, 14.010419, 10.000000, 6.720953, 0.939581
1235, 30.000000, 10.000000, 6.732051, 0.727094
1236, 72.000000, 10.000000, 6.732051, 0.313709
1237, 10.000000, 10.000000, 6.732051, 1.000000
1238, 21.000000, 10.000000, 4.999657, 0.769300
1239, 57.018276, 10.000000, 8.381994, 0.615844
1240, 60.000000, 10.000000, 6.731708, 0.457761
1241, 17.004358, 10.000000, 5.019895, 0.793423
1242, 91.000000, 10.000000, 8.647429, 0.115369
1243, 94.944712, 10.000000, 8.676273, 0.063475
1244, 94.602886, 10.000000, 3.348076, 0.101767
1245, 87.983041, 10.000000, 3.026866, 0.242457
1246, 85.770622, 10.000000, 6.727103, 0.213132
1247, 91.644927, 10.000000, 3.262266, 0.171368
1248, 84.778829, 10.000000, 5.085719, 0.176556
1249, 98.535898, 10.000000, 1.464102, 0.152219
1250, 1.464102, 10.000000, 8.535898, 1.000000
1251, 98.535898, 10.000000, 8.535898, 0.183134
1252, 1.464102, 10.000000, 1.464102, 1.000000
1253, 4.504875, 10.000000, 6.868695, 0.979153
1254, 3.090076, 10.000000, 4.568979, 0.987060
1255, 0.000000, 5.000000, 1.732051, 1.000000
1256, 0.000000, 5.080520, 8.664915, 1.000000
1257, 0.000000, 8.372448, 5.096679, 1.000000
1258, 0.000000, 1.637066, 5.113349, 1.000000
1259, 0.000000, 6.991525, 1.693544, 0.971604
1260, 0.000000, 6.035600, 3.294193, 1.000000
1261, 0.000000, 3.969009, 3.272424, 1.000000
1262, 0.000000, 5.000000, 5.196152, 1.000000
1263, 0.000000, 3.004709, 1.696230, 1.000000
1264, 0.000000, 1.693821, 6.998864, 1.000000
1265, 0.000000, 6.847651, 8.119090, 1.000000
1266, 0.000000, 8.118996, 3.161393, 1.000000
1267, 0.000000, 3.158901, 8.254796, 0.980517
1268, 0.000000, 8.383692, 6.942277, 0.996485
1269, 0.000000, 1.823379, 3.143136, 0.953397
1270, 0.000000, 3.316224, 6.146205, 1.000000
1271, 0.000000, 6.800969, 6.111247, 0.913581
1272, 0.000000, 5.234115, 6.823163, 0.990791
1273, 0.000000, 1.464102, 8.535898, 1.000000
1274, 0.000000, 8.535898, 8.535898, 1.000000
1275, 0.000000, 1.464102, 1.464102, 1.000000
1276, 0.000000, 8.535898, 1.464102, 1.000000
1277, 0.000000, 3.103030, 4.582019, 1.000000
1278, 0.000000, 6.897502, 4.581232, 1.000000
1279, 81.950566, 5.000000, 5.000000, 0.312257
1280, 60.000000, 4.998923, 4.998923, 0.414819
1281, 18.002498, 4.997686, 5.001463, 0.787290
1282, 68.000000, 5.000000, 5.000000, 0.400647
1283, 74.000000, 5.000000, 5.000000, 0.391266
1284, 30.000000, 5.000000, 5.000000, 0.702952
1285, 24.000000, 5.000000, 5.000000, 0.824822
1286, 40.000000, 5.000000, 5.000000, 0.599176
1287, 52.000000, 5.000000, 5.000000, 0.584567
1288, 46.000000, 5.002076, 4.998081, 0.626378
1289, 12.000075, 5.001836, 5.001114, 0.900644
1290, 93.649147, 5.000000, 5.000000, 0.178696
1291, 35.000000, 5.003992, 4.996309, 0.548519
1292, 87.018961, 4.971756, 5.024228, 0.173672
1293, 5.871573, 5.014396, 5.000000, 0.974553
1294, 63.999760, 5.891116, 5.891116, 0.415082
1295, 55.999994, 4.093764, 5.857526, 0.507456
1296, 77.975283, 5.905945, 5.905945, 0.296378
1297, 70.999598, 2.769009, 3.752212, 0.393396
1298, 8.932584, 3.554373, 6.437071, 0.908517
1299, 15.002390, 6.467109, 3.476192, 0.909708
1300, 71.000000, 6.485431, 6.485431, 0.378333
1301, 27.000000, 6.485431, 6.485431, 0.776300
1302, 42.999962, 6.485443, 6.485443, 0.656386
1303, 49.000038, 6.485456, 6.485438, 0.560214
1304, 43.000042, 3.512335, 3.521116, 0.579528
1305, 15.000172, 3.512539, 6.478677, 0.917979
1306, 21.002184, 3.511671, 6.479587, 0.869279
1307, 21.000315, 6.479043, 3.512230, 0.863045
1308, 27.000000, 3.519027, 3.519027, 0.740656
1309, 49.000000, 3.607608, 3.491816, 0.513224
1310, 79.062671, 3.477816, 3.477821, 0.330387
1311, 8.997174, 6.478027, 3.512985, 0.916850
1312, 65.000000, 3.450954, 3.450954, 0.406773
1313, 57.000000, 6.553102, 3.442319, 0.453971
1314, 90.726988, 6.508172, 3.491828, 0.221622
1315, 90.342391, 3.539241, 5.607161, 0.203597
1316, 32.500105, 3.362791, 3.367061, 0.719702
1317, 37.499899, 3.366055, 3.366057, 0.679827
1318, 37.500096, 6.634003, 6.634003, 0.653844
1319, 32.499904, 6.634003, 6.634003, 0.673359
1320, 3.260135, 6.737287, 3.756406, 1.000000
1321, 84.486229, 6.628155, 6.620047, 0.218654
1322, 37.312661, 3.282113, 6.717959, 0.753392
1323, 37.320092, 6.719710, 3.285144, 0.693404
1324, 32.679908, 6.719710, 3.285144, 0.855405
1325, 3.697672, 3.236425, 3.211082, 0.980012
1326, 91.279927, 6.486091, 6.737488, 0.097902
1327, 71.000000, 6.289644, 3.153486, 0.308697
1328, 32.692303, 3.285644, 6.722022, 0.656894
1329, 21.000000, 3.164752, 3.164753, 0.833077
1330, 43.000000, 3.165188, 6.835327, 0.613109
1331, 43.000000, 6.837195, 3.174312, 0.587257
1332, 27.000000, 6.837200, 3.174307, 0.684839
1333, 27.000000, 3.174307, 6.837200, 0.788438
1334, 20.997822, 6.823774, 6.824337, 0.835620
1335, 15.000000, 6.823292, 6.826125, 0.957059
1336, 15.003499, 3.157254, 3.157512, 0.820657
1337, 3.370683, 3.350585, 6.593850, 0.941511
1338, 9.000000, 6.844377, 6.803711, 0.839426
1339, 9.002107, 3.186103, 3.146024, 0.994803
1340, 49.000000, 3.176096, 6.838716, 0.572742
1341, 96.656613, 6.630485, 5.332438, 0.124129
1342, 96.512256, 3.649656, 3.489752, 0.175763
1343, 79.757716, 3.274590, 6.730898, 0.241478
1344, 79.757655, 6.730685, 3.274539, 0.272191
1345, 49.000000, 6.880528, 3.133433, 0.534998
1346, 85.090071, 3.132598, 3.132635, 0.260125
1347, 76.192872, 6.729224, 3.276170, 0.341686
1348, 76.192872, 3.276170, 6.729224, 0.224746
1349, 62.197228, 6.727872, 3.277445, 0.352962
1350, 62.197228, 3.277445, 6.727872, 0.409530
1351, 65.802553, 6.727805, 3.277508, 0.434966
1352, 65.802553, 3.277508, 6.727805, 0.404660
1353, 54.215333, 6.717987, 6.718739, 0.577221
1354, 54.173477, 3.266167, 3.266091, 0.570328
1355, 57.825593, 3.265861, 3.265810, 0.545112
1356, 57.784278, 6.721699, 6.716556, 0.461856
1357, 84.565879, 6.433359, 3.281246, 0.163066
1358, 84.486711, 3.291295, 6.416939, 0.357453
1359, 71.000000, 3.290187, 6.936817, 0.347490
1360, 75.895139, 3.180937, 3.180937, 0.233081
1361, 61.843387, 3.164496, 3.164496, 0.451865
1362, 53.844429, 6.836930, 3.174103, 0.518929
1363, 96.115925, 3.715512, 6.752241, 0.054636
1364, 58.999947, 2.927173, 7.099162, 0.464803
1365, 53.000000, 2.927145, 7.099159, 0.563465
1366, 80.999303, 7.086564, 7.086564, 0.236022
1367, 61.000000, 7.078966, 7.078930, 0.417032
1368, 67.000000, 7.079604, 7.079604, 0.414173
1369, 75.000000, 7.079604, 7.079604, 0.313181
1370, 3.998873, 6.825193, 6.884059, 0.894998
1371, 87.820824, 7.012328, 2.987784, 0.194364
1372, 88.553472, 3.030452, 3.030452, 0.230908
1373, 88.265330, 7.011200, 6.946301, 0.244126
1374, 94.752407, 6.994463, 3.005537, 0.123780
1375, 24.164664, 2.907022, 2.907022, 0.725192
1376, 68.161666, 2.907022, 2.907022, 0.344336
1377, 18.062249, 2.906736, 2.906735, 0.903461
1378, 46.062027, 2.909719, 7.092135, 0.515464
1379, 11.939744, 2.909640, 2.907798, 0.935102
1380, 92.124355, 3.036040, 3.036040, 0.106232
1381, 23.831660, 2.927173, 7.099168, 0.763490
1382, 18.170266, 7.095758, 2.927485, 0.944285
1383, 11.826059, 7.099354, 2.926931, 0.902828
1384, 18.173991, 2.925955, 7.100443, 0.848646
1385, 23.829675, 7.099168, 2.927173, 0.838602
1386, 45.927657, 7.100461, 2.925954, 0.593097
1387, 17.926108, 7.094111, 7.074178, 0.834918
1388, 45.823813, 7.079652, 7.079652, 0.541721
1389, 11.749815, 2.926349, 7.098285, 0.904003
1390, 24.175652, 7.080978, 7.079128, 0.886272
1391, 46.184674, 2.926796, 2.901004, 0.543527
1392, 87.817758, 2.965436, 7.065152, 0.209329
1393, 11.918740, 7.080514, 7.080514, 0.838755
1394, 92.934066, 2.847892, 6.993274, 0.216683
1395, 40.139934, 2.825519, 7.174567, 0.648984
1396, 29.714388, 2.805497, 2.805497, 0.747510
1397, 40.144528, 7.175408, 2.855250, 0.628548
1398, 29.855472, 7.175409, 2.855250, 0.740241
1399, 29.861257, 2.860916, 7.169403, 0.751085
1400, 40.283965, 2.837307, 2.805572, 0.642586
1401, 6.191764, 2.847475, 7.152728, 0.983359
1402, 29.717269, 7.164658, 7.164658, 0.613447
1403, 40.282710, 7.164673, 7.164673, 0.663992
1404, 94.190303, 7.089616, 7.070246, 0.103989
1405, 6.144247, 7.077690, 2.855277, 1.000000
1406, 51.502310, 2.643702, 2.643710, 0.621397
1407, 81.911056, 2.906878, 2.906431, 0.372060
1408, 68.460057, 7.356228, 2.684669, 0.462919
1409, 73.537125, 7.358701, 2.682336, 0.374006
1410, 51.545153, 7.302027, 7.301970, 0.581923
1411, 59.552585, 7.364103, 2.676002, 0.491728
1412, 73.102522, 4.100643, 2.540366, 0.387348
1413, 6.338101, 2.682974, 2.626023, 0.906750
1414, 68.379502, 2.630734, 7.413400, 0.387439
1415, 73.617974, 2.628270, 7.416012, 0.373616
1416, 35.000000, 7.408936, 7.408936, 0.730223
1417, 35.000364, 2.573048, 2.599421, 0.771834
1418, 6.484038, 7.432033, 6.028073, 0.981423
1419, 97.480632, 7.157792, 2.769524, 0.112370
1420, 51.366449, 7.506479, 4.252065, 0.537164
1421, 82.219027, 7.491675, 2.553853, 0.254284
1422, 82.027170, 2.424988, 5.644666, 0.198210
1423, 35.000000, 7.535987, 4.246462, 0.586451
1424, 35.003947, 4.268033, 7.530108, 0.679232
1425, 92.793557, 7.497838, 4.816500, 0.220246
1426, 73.728480, 2.430087, 4.480776, 0.348443
1427, 86.338228, 7.448974, 5.039980, 0.177110
1428, 81.956898, 4.699076, 7.607214, 0.136046
1429, 51.070829, 4.672897, 7.430846, 0.578393
1430, 94.315043, 2.520449, 4.406684, 0.180044
1431, 50.937768, 5.199094, 2.616409, 0.578298
1432, 94.237368, 4.480831, 2.506609, 0.249707
1433, 50.955278, 2.612900, 5.198913, 0.434041
1434, 59.851082, 4.675019, 2.412560, 0.441616
1435, 59.865151, 2.410389, 4.691328, 0.399222
1436, 73.033051, 5.157719, 7.404270, 0.424346
1437, 68.965902, 5.159701, 7.404402, 0.353804
1438, 73.072198, 7.409191, 5.231860, 0.394876
1439, 68.926812, 7.409316, 5.233735, 0.408470
1440, 34.913456, 2.491939, 5.640585, 0.673319
1441, 6.040955, 5.393365, 7.547054, 0.913918
1442, 82.630103, 7.461540, 5.075102, 0.294304
1443, 35.122671, 5.647433, 2.519206, 0.671832
1444, 86.188904, 4.903576, 7.445013, 0.225902
1445, 55.922615, 2.354079, 7.712183, 0.524940
1446, 64.242050, 7.667947, 7.667947, 0.430767
1447, 78.227502, 7.677420, 7.677420, 0.247229
1448, 13.198196, 4.949717, 7.497981, 0.906293
1449, 13.249584, 7.496623, 4.974837, 0.858158
1450, 22.689008, 2.480438, 4.901201, 0.783966
1451, 22.688930, 4.900656, 2.480040, 0.798506
1452, 13.174687, 2.508330, 5.064952, 0.846461
1453, 97.615910, 7.602289, 7.513216, 0.184735
1454, 25.304644, 5.109606, 2.494204, 0.766792
1455, 25.305535, 2.493967, 5.108980, 0.870541
1456, 16.796917, 2.500840, 5.040697, 0.952926
1457, 86.854470, 2.474511, 4.796637, 0.228024
1458, 44.800494, 2.503428, 4.956168, 0.559974
1459, 47.220797, 7.504979, 5.038509, 0.560534
1460, 25.318445, 4.897331, 7.532401, 0.756078
1461, 13.189796, 5.041888, 2.494981, 0.910970
1462, 16.809762, 5.037035, 2.493261, 0.878583
1463, 22.690079, 5.114925, 7.517670, 0.754559
1464, 44.644252, 4.921853, 7.538976, 0.612384
1465, 55.999567, 4.615479, 2.219309, 0.486084
1466, 25.317714, 7.533103, 4.895511, 0.747733
1467, 44.764417, 4.936713, 2.473267, 0.597934
1468, 19.344614, 5.089804, 7.528939, 0.778129
1469, 19.360117, 7.530845, 5.078251, 0.848052
1470, 22.688489, 7.515184, 5.114521, 0.834593
1471, 16.759322, 4.936062, 7.530023, 0.871193
1472, 16.737591, 7.522212, 4.923833, 0.780530
1473, 47.401736, 2.462342, 5.032122, 0.653258
1474, 47.229677, 5.069497, 7.521389, 0.576047
1475, 28.663087, 5.030920, 2.457273, 0.815418
1476, 28.662712, 2.456667, 5.030098, 0.754253
1477, 41.363520, 5.047612, 2.453673, 0.647538
1478, 59.514667, 7.569790, 5.150395, 0.485274
1479, 41.356633, 4.958284, 7.552880, 0.633784
1480, 41.330479, 2.453911, 5.025925, 0.536518
1481, 10.592003, 2.449724, 4.948128, 0.873379
1482, 10.560542, 5.057235, 7.558802, 0.854157
1483, 47.305674, 5.093296, 2.458144, 0.690087
1484, 19.349808, 2.443278, 4.972938, 0.790839
1485, 19.350252, 4.971778, 2.442507, 0.883298
1486, 10.649614, 4.973194, 2.444008, 0.841260
1487, 77.975500, 2.268430, 5.341688, 0.294765
1488, 77.975372, 5.341572, 2.268453, 0.247726
1489, 86.856271, 4.771716, 2.561275, 0.256968
1490, 63.999883, 2.256763, 5.373984, 0.479689
1491, 63.999883, 5.373984, 2.256763, 0.479309
1492, 28.637037, 7.562258, 4.974073, 0.757640
1493, 41.362927, 7.562258, 4.974086, 0.658945
1494, 28.636801, 4.974666, 7.562609, 0.745773
1495, 10.617456, 7.562444, 5.033868, 0.946655
1496, 44.627219, 7.567792, 4.973983, 0.516701
1497, 97.724278, 2.539562, 5.315381, 0.116862
1498, 55.997911, 7.741416, 5.356549, 0.569002
1499, 7.262760, 2.475990, 4.932143, 0.950050
1500, 7.358850, 4.945701, 2.432651, 0.856832
1501, 60.502558, 4.763711, 7.653933, 0.508546
1502, 38.920661, 4.896096, 7.582895, 0.668676
1503, 38.929017, 5.102775, 2.432394, 0.651066
1504, 59.785578, 2.245571, 2.245571, 0.448224
1505, 67.453426, 2.390233, 5.176497, 0.459946
1506, 89.500042, 4.879206, 7.607754, 0.244037
1507, 67.442071, 5.169575, 2.389319, 0.365051
1508, 31.090631, 2.426214, 5.110143, 0.690390
1509, 31.065512, 7.587344, 4.920935, 0.729371
1510, 38.934455, 7.587350, 4.920913, 0.694556
1511, 38.902946, 2.408759, 5.102689, 0.660519
1512, 31.089744, 5.099601, 2.424273, 0.733161
1513, 31.063061, 4.927160, 7.588911, 0.665135
1514, 56.001735, 5.511713, 7.818386, 0.534841
1515, 81.418472, 5.215935, 2.381996, 0.261507
1516, 72.735246, 7.673686, 7.673686, 0.288470
1517, 69.264754, 7.673686, 7.673686, 0.492511
1518, 2.391930, 5.412497, 5.651012, 0.934772
1519, 55.999356, 2.153019, 2.153087, 0.470442
1520, 63.999931, 2.148236, 7.851764, 0.388837
1521, 63.999931, 7.851764, 2.148236, 0.549646
1522, 97.761248, 2.235820, 7.705147, 0.095138
1523, 77.975307, 4.456289, 7.816621, 0.233287
1524, 77.975358, 7.816681, 4.456272, 0.341228
1525, 4.582249, 5.306467, 2.317172, 0.968926
1526, 89.305923, 5.675809, 5.241333, 0.069833
1527, 71.611896, 4.777752, 4.914051, 0.379765
1528, 69.977753, 4.322956, 2.238665, 0.417845
1529, 2.093836, 7.919553, 6.034079, 0.954761
1530, 92.981531, 5.127506, 7.760039, 0.112839
1531, 63.884868, 7.864073, 4.539646, 0.392701
1532, 63.884868, 4.539646, 7.864073, 0.391247
1533, 55.873640, 2.121900, 4.530007, 0.455065
1534, 89.215178, 5.187907, 2.108286, 0.064368
1535, 2.238630, 4.981050, 2.525892, 0.969360
1536, 2.252161, 2.278083, 4.812811, 0.948758
1537, 56.000000, 7.887544, 7.877878, 0.504929
1538, 78.000000, 2.094060, 7.825542, 0.243361
1539, 78.000000, 7.825542, 2.094051, 0.380898
1540, 92.595364, 6.827258, 2.129853, 0.173523
1541, 90.097790, 2.522840, 7.811315, 0.186809
1542, 97.834898, 2.154812, 2.192900, 0.139380
1543, 4.894755, 2.360771, 5.065461, 0.905545
1544, 94.120092, 2.085989, 2.085989, 0.157030
1545, 62.299294, 4.872380, 4.675367, 0.440774
1546, 32.318605, 4.902311, 5.096732, 0.645803
1547, 37.682052, 4.903092, 5.096956, 0.697520
1548, 54.294641, 5.318441, 4.869758, 0.533182
1549, 52.000000, 7.825542, 2.044597, 0.552104
1550, 76.289942, 4.895379, 4.684070, 0.291982
1551, 77.698124, 2.159920, 2.159920, 0.326268
1552, 85.833844, 2.111643, 7.866087, 0.142812
1553, 16.167729, 2.113255, 7.886745, 0.786529
1554, 47.824414, 7.884995, 7.884995, 0.571916
1555, 13.776404, 2.129637, 7.863180, 0.876063
1556, 83.642324, 4.641947, 2.157242, 0.264254
1557, 74.166784, 2.109117, 2.109117, 0.323435
1558, 50.898394, 2.239131, 7.752801, 0.547740
1559, 82.017852, 2.057687, 7.937946, 0.284509
1560, 86.186213, 7.809485, 7.816884, 0.089060
1561, 13.822926, 7.889045, 2.110955, 0.906635
1562, 16.177197, 7.890064, 2.109936, 0.904884
1563, 8.106598, 4.686190, 4.626109, 0.905437
1564, 63.630675, 2.156294, 2.156294, 0.387744
1565, 44.175375, 2.105876, 2.121208, 0.702036
1566, 34.295132, 2.120543, 7.860892, 0.682165
1567, 55.623513, 7.844106, 2.155894, 0.473087
1568, 15.759574, 5.310554, 5.293607, 0.813298
1569, 2.098476, 7.841911, 2.105178, 1.000000
1570, 96.103307, 5.896832, 7.420672, 0.115143
1571, 2.769519, 5.154058, 7.927910, 1.000000
1572, 34.257284, 7.880474, 2.119526, 0.680577
1573, 43.766447, 4.683985, 5.319137, 0.568569
1574, 84.158567, 4.614341, 4.591319, 0.214140
1575, 21.767470, 4.681060, 4.681128, 0.699091
1576, 27.766705, 5.317368, 4.687090, 0.724361
1577, 48.120786, 2.053320, 2.077053, 0.585400
1578, 66.062354, 7.928777, 5.190450, 0.392141
1579, 66.062354, 5.190450, 7.928777, 0.398751
1580, 49.788500, 5.391297, 4.657185, 0.522001
1581, 20.080404, 7.950112, 2.049888, 0.837490
1582, 26.083900, 2.051177, 2.051177, 0.766972
1583, 21.920842, 2.049150, 7.950850, 0.835518
1584, 80.121617, 7.913480, 5.170406, 0.254757
1585, 43.920022, 7.951290, 7.951290, 0.579146
1586, 66.207390, 2.093649, 2.093649, 0.387266
1587, 26.079864, 7.951290, 7.951290, 0.750912
1588, 69.685282, 2.141365, 5.490045, 0.402836
1589, 9.812214, 2.068723, 7.908697, 0.844316
1590, 58.160375, 4.853296, 7.930395, 0.475600
1591, 53.844743, 4.849369, 7.933433, 0.538381
1592, 80.000000, 2.016713, 2.016725, 0.363237
1593, 75.838219, 5.161095, 7.909845, 0.285767
1594, 75.838268, 7.909854, 5.161110, 0.324421
1595, 2.067862, 2.163633, 2.065400, 0.984449
1596, 75.109116, 5.060115, 2.237877, 0.252592
1597, 9.911923, 7.935535, 2.023809, 0.961986
1598, 53.153841, 2.227122, 4.973188, 0.473452
1599, 89.240275, 7.943072, 4.616804, 0.360096
1600, 65.770863, 5.074265, 4.788791, 0.478830
1601, 57.770903, 5.211479, 5.062136, 0.446972
1602, 53.125584, 4.944386, 2.220191, 0.577713
1603, 82.996499, 7.811209, 7.812532, 0.261160
1604, 61.729466, 7.889014, 5.128371, 0.434575
1605, 79.740716, 4.807724, 5.123171, 0.215846
1606, 97.970334, 5.316948, 4.016396, 0.141904
1607, 85.889296, 7.908666, 2.101570, 0.172264
1608, 90.341991, 2.049946, 2.049946, 0.209131
1609, 80.074475, 1.951767, 4.719165, 0.308270
1610, 92.008694, 2.142162, 5.083136, 0.086141
1611, 70.000000, 1.957093, 1.957093, 0.350366
1612, 97.950866, 4.604751, 7.778519, 0.095276
1613, 2.044961, 2.044961, 7.837028, 1.000000
1614, 57.853913, 1.998830, 5.471785, 0.495784
1615, 70.999268, 7.867920, 4.677791, 0.315076
1616, 8.004680, 8.118330, 4.593143, 0.905313
1617, 79.931350, 5.421217, 8.029140, 0.233496
1618, 8.219269, 5.070824, 7.911286, 0.886846
1619, 4.260152, 8.033950, 2.316596, 0.987215
1620, 83.962860, 2.059183, 4.678830, 0.291365
1621, 53.370628, 7.849041, 5.051362, 0.463053
1622, 75.843425, 1.996309, 5.004983, 0.264478
1623, 96.262491, 5.387071, 2.061695, 0.130433
1624, 89.672507, 7.909199, 2.090801, 0.256180
1625, 91.617682, 4.712174, 4.309153, 0.166106
1626, 71.992801, 1.869007, 5.643247, 0.508897
1627, 4.196656, 1.999039, 8.069296, 1.000000
1628, 4.962157, 7.903307, 4.514047, 0.911988
1629, 59.170219, 7.904109, 7.877446, 0.548348
1630, 88.997498, 1.930147, 4.899021, 0.254421
1631, 9.941270, 5.388867, 5.518529, 0.865540
1632, 42.032960, 1.933993, 1.919439, 0.624026
1633, 61.928696, 4.912356, 1.917100, 0.378268
1634, 60.821160, 2.107935, 7.892065, 0.437124
1635, 38.000000, 1.891054, 1.891054, 0.644284
1636, 38.000000, 8.109001, 8.109001, 0.707372
1637, 32.000000, 8.109001, 8.109001, 0.775665
1638, 61.938936, 1.904678, 4.897258, 0.439155
1639, 94.888325, 7.853609, 5.179377, 0.167577
1640, 84.080675, 4.944309, 7.909221, 0.238620
1641, 91.365183, 4.916372, 2.165767, 0.177877
1642, 31.985593, 1.892844, 1.895617, 0.703670
1643, 48.022520, 4.611557, 5.585068, 0.584966
1644, 25.575797, 7.961334, 2.038666, 0.777918
1645, 25.576972, 2.038156, 7.961844, 0.811872
1646, 22.424843, 7.957228, 7.956554, 0.791403
1647, 86.778905, 1.941396, 2.768362, 0.224822
1648, 22.419248, 2.034638, 2.034638, 0.799545
1649, 49.394992, 7.917771, 4.954964, 0.546885
1650, 19.636444, 7.984612, 7.984612, 0.849773
1651, 58.000000, 5.561861, 1.844451, 0.445767
1652, 70.383107, 7.982068, 2.017932, 0.350883
1653, 13.630362, 7.984453, 7.980393, 0.837870
1654, 44.358970, 2.008505, 7.991495, 0.518695
1655, 13.988288, 4.402605, 4.548643, 0.916195
1656, 72.078233, 2.381000, 1.826621, 0.379727
1657, 41.995847, 5.577646, 4.558840, 0.585802
1658, 13.638177, 2.006995, 2.006995, 0.887212
1659, 22.198777, 8.046726, 1.953274, 0.828052
1660, 25.995031, 4.533607, 5.553911, 0.794265
1661, 16.272794, 8.036615, 8.017677, 0.787588
1662, 16.364745, 2.006188, 2.006188, 0.904723
1663, 19.803380, 1.951666, 8.048337, 0.838409
1664, 98.059531, 4.264604, 2.174534, 0.132368
1665, 33.176853, 4.918742, 2.094978, 0.732385
1666, 38.000000, 1.864250, 8.135750, 0.640121
1667, 19.997184, 5.546260, 5.461308, 0.794313
1668, 47.719681, 1.963177, 8.017776, 0.500420
1669, 38.000000, 8.136425, 1.863575, 0.645356
1670, 32.000000, 8.136425, 1.863575, 0.770422
1671, 10.284191, 1.964726, 1.981235, 0.986322
1672, 44.277651, 8.024980, 1.975020, 0.615162
1673, 19.717418, 1.975186, 1.975183, 0.833621
1674, 62.696112, 6.278064, 8.055470, 0.450097
1675, 32.000000, 1.863903, 8.134767, 0.667269
1676, 94.894579, 2.209498, 7.892109, 0.091217
1677, 47.604916, 7.994865, 2.005135, 0.505694
1678, 90.053634, 7.913725, 7.968854, 0.227101
1679, 42.000000, 8.145565, 1.854435, 0.625600
1680, 28.000000, 8.145568, 1.854432, 0.786683
1681, 28.000000, 1.854432, 8.145568, 0.750412
1682, 42.000000, 1.852357, 8.147643, 0.717118
1683, 10.270885, 8.023992, 8.023992, 0.899174
1684, 7.442127, 7.877130, 7.948504, 0.900859
1685, 33.730546, 8.128133, 5.813997, 0.725166
1686, 36.269454, 8.128133, 5.813997, 0.690208
1687, 7.858585, 8.196596, 2.383348, 0.924039
1688, 36.836891, 2.091744, 4.898196, 0.619790
1689, 33.723702, 5.818453, 8.131054, 0.703128
1690, 36.279055, 5.820248, 8.132230, 0.655157
1691, 57.701243, 8.038371, 1.961629, 0.471985
1692, 95.505877, 5.379999, 4.107468, 0.107946
1693, 2.255562, 7.184062, 7.988994, 0.936689
1694, 8.077063, 1.840804, 1.859389, 0.989626
1695, 28.140770, 8.117951, 8.117951, 0.781930
1696, 41.859159, 8.117963, 8.117963, 0.588119
1697, 49.967410, 8.169648, 1.830352, 0.562377
1698, 61.983247, 8.180862, 1.819138, 0.475396
1699, 66.016688, 1.819171, 8.180829, 0.438882
1700, 66.016688, 8.180829, 1.819171, 0.404605
1701, 75.981244, 1.818649, 8.181351, 0.331389
1702, 75.981243, 8.181351, 1.818649, 0.296210
1703, 53.969556, 8.173672, 8.171865, 0.574928
1704, 36.529750, 4.312951, 1.807302, 0.557146
1705, 53.990976, 1.811403, 1.810829, 0.639290
1706, 80.020699, 8.177869, 1.818626, 0.295584
1707, 28.131965, 1.868061, 1.868061, 0.713480
1708, 49.853378, 8.131488, 8.131488, 0.601635
1709, 92.379121, 7.937945, 7.931545, 0.173896
1710, 7.766342, 1.904096, 8.088561, 0.944639
1711, 70.141363, 1.861852, 8.138148, 0.355908
1712, 79.997355, 1.795424, 8.204576, 0.305543
1713, 33.086353, 2.034424, 4.820376, 0.628701
1714, 3.920057, 4.901655, 4.384669, 0.986623
1715, 5.421806, 8.084756, 7.657518, 0.970913
1716, 70.934976, 5.063914, 7.957727, 0.391569
1717, 83.642452, 2.013375, 2.029666, 0.268285
1718, 4.615580, 4.013287, 8.091937, 1.000000
1719, 69.776655, 4.176644, 5.567741, 0.351939
1720, 57.732374, 8.203218, 4.389604, 0.449957
1721, 4.585626, 1.935667, 1.936424, 1.000000
1722, 91.325212, 4.053100, 7.303178, 0.142268
1723, 65.695734, 1.785676, 4.371033, 0.430497
1724, 54.730628, 1.803249, 6.170783, 0.504012
1725, 98.165606, 7.727193, 4.575076, 0.118648
1726, 84.480837, 8.076091, 4.483964, 0.219457
1727, 65.687944, 4.365568, 1.783398, 0.416459
1728, 79.682105, 4.376292, 1.775975, 0.242648
1729, 72.464089, 5.878122, 1.824187, 0.336418
1730, 49.191536, 5.153574, 7.990614, 0.605968
1731, 95.686360, 8.189450, 7.991660, 0.170679
1732, 49.416441, 1.765557, 4.204610, 0.520211
1733, 94.737558, 4.207042, 8.143911, 0.212799
1734, 95.785285, 1.918280, 5.753227, 0.157145
1735, 69.132358, 5.646468, 3.480591, 0.365523
1736, 83.929079, 8.219979, 1.791920, 0.239260
